%%MatrixMarket matrix coordinate real general
294 294 3172
1 1 4.605950395090772e-06
4 1 2.045484275082869e-07
16 1 2.302975197545383e-06
2 2 4.605950395090772e-06
5 2 2.045484275082869e-07
17 2 2.302975197545383e-06
3 3 4.605950395090772e-06
6 3 2.045484275082869e-07
18 3 2.302975197545383e-06
1 4 2.045484275082869e-07
4 4 5.42414410512392e-06
7 4 2.045484275082869e-07
16 4 4.090968550165733e-07
19 4 2.50752362505367e-06
2 5 2.045484275082869e-07
5 5 5.42414410512392e-06
8 5 2.045484275082869e-07
17 5 4.090968550165733e-07
20 5 2.50752362505367e-06
3 6 2.045484275082869e-07
6 6 5.42414410512392e-06
9 6 2.045484275082869e-07
18 6 4.090968550165733e-07
21 6 2.50752362505367e-06
4 7 2.045484275082869e-07
7 7 5.42414410512392e-06
10 7 2.045484275082869e-07
19 7 4.090968550165733e-07
22 7 2.507523625053672e-06
5 8 2.045484275082869e-07
8 8 5.42414410512392e-06
11 8 2.045484275082869e-07
20 8 4.090968550165733e-07
23 8 2.507523625053672e-06
6 9 2.045484275082869e-07
9 9 5.42414410512392e-06
12 9 2.045484275082869e-07
21 9 4.090968550165733e-07
24 9 2.507523625053672e-06
7 10 2.045484275082869e-07
10 10 5.424144105123921e-06
13 10 2.045484275082869e-07
22 10 4.090968550165735e-07
25 10 2.50752362505367e-06
8 11 2.045484275082869e-07
11 11 5.424144105123921e-06
14 11 2.045484275082869e-07
23 11 4.090968550165735e-07
26 11 2.50752362505367e-06
9 12 2.045484275082869e-07
12 12 5.424144105123921e-06
15 12 2.045484275082869e-07
24 12 4.090968550165735e-07
27 12 2.50752362505367e-06
10 13 2.045484275082869e-07
13 13 5.42414410512392e-06
25 13 4.090968550165733e-07
43 13 2.50752362505367e-06
46 13 2.045484275082869e-07
11 14 2.045484275082869e-07
14 14 5.42414410512392e-06
26 14 4.090968550165733e-07
44 14 2.50752362505367e-06
47 14 2.045484275082869e-07
12 15 2.045484275082869e-07
15 15 5.42414410512392e-06
27 15 4.090968550165733e-07
45 15 2.50752362505367e-06
48 15 2.045484275082869e-07
1 16 2.302975197545383e-06
4 16 4.090968550165733e-07
16 16 5.026770297397344e-05
19 16 2.507523625053669e-06
52 16 2.302975197545383e-06
2 17 2.302975197545383e-06
5 17 4.090968550165733e-07
17 17 5.026770297397344e-05
20 17 2.507523625053669e-06
53 17 2.302975197545383e-06
3 18 2.302975197545383e-06
6 18 4.090968550165733e-07
18 18 5.026770297397344e-05
21 18 2.507523625053669e-06
54 18 2.302975197545383e-06
4 19 2.50752362505367e-06
7 19 4.090968550165733e-07
16 19 2.507523625053669e-06
19 19 5.569184707909737e-05
22 19 2.507523625053669e-06
52 19 4.090968550165733e-07
55 19 2.50752362505367e-06
5 20 2.50752362505367e-06
8 20 4.090968550165733e-07
17 20 2.507523625053669e-06
20 20 5.569184707909737e-05
23 20 2.507523625053669e-06
53 20 4.090968550165733e-07
56 20 2.50752362505367e-06
6 21 2.50752362505367e-06
9 21 4.090968550165733e-07
18 21 2.507523625053669e-06
21 21 5.569184707909737e-05
24 21 2.507523625053669e-06
54 21 4.090968550165733e-07
57 21 2.50752362505367e-06
7 22 2.507523625053672e-06
10 22 4.090968550165735e-07
19 22 2.507523625053669e-06
22 22 5.569184707909739e-05
25 22 2.507523625053671e-06
55 22 4.090968550165733e-07
58 22 2.507523625053672e-06
8 23 2.507523625053672e-06
11 23 4.090968550165735e-07
20 23 2.507523625053669e-06
23 23 5.569184707909739e-05
26 23 2.507523625053671e-06
56 23 4.090968550165733e-07
59 23 2.507523625053672e-06
9 24 2.507523625053672e-06
12 24 4.090968550165735e-07
21 24 2.507523625053669e-06
24 24 5.569184707909739e-05
27 24 2.507523625053671e-06
57 24 4.090968550165733e-07
60 24 2.507523625053672e-06
10 25 2.50752362505367e-06
13 25 4.090968550165733e-07
22 25 2.507523625053671e-06
25 25 5.569184707909737e-05
43 25 2.507523625053669e-06
58 25 4.090968550165735e-07
61 25 2.50752362505367e-06
11 26 2.50752362505367e-06
14 26 4.090968550165733e-07
23 26 2.507523625053671e-06
26 26 5.569184707909737e-05
44 26 2.507523625053669e-06
59 26 4.090968550165735e-07
62 26 2.50752362505367e-06
12 27 2.50752362505367e-06
15 27 4.090968550165733e-07
24 27 2.507523625053671e-06
27 27 5.569184707909737e-05
45 27 2.507523625053669e-06
60 27 4.090968550165735e-07
63 27 2.50752362505367e-06
28 28  0.07407636842128568
30 28 -0.01901314577309123
31 28  -0.0275316113240971
33 28  0.01140788746385413
64 28  -0.0266184040823273
65 28  0.01140788746385413
66 28 0.007605258309236164
29 29   0.1048791051853495
30 29 -0.04981588253715229
32 29  -0.0275316113240971
33 29  0.02988952952229128
64 29 0.007605258309236164
65 29 -0.007605258309236164
66 29 -0.007605258309236164
28 30 -0.01901314577309123
29 30 -0.04981588253715229
30 30    0.123892250958441
31 30 0.007605258309236164
32 30  0.01992635301486094
33 30  -0.0963606396343409
64 30  0.01140788746385413
65 30 -0.01140788746385413
66 30 -0.007605258309236164
28 31  -0.0275316113240971
30 31 0.007605258309236164
31 31   0.2511287300648648
33 31 -0.01901314577309123
34 31  -0.0275316113240971
36 31  0.01140788746385413
65 31  0.01140788746385413
66 31  -0.0190131457730903
67 31  -0.1229790437166688
68 31   0.0412974169861454
69 31   0.0190131457730903
29 32  -0.0275316113240971
30 32  0.01992635301486094
32 32   0.3460027152315256
33 32 -0.04981588253715229
35 32  -0.0275316113240971
36 32  0.02988952952229128
64 32 0.007605258309236164
66 32 0.007605258309236164
67 32   0.0275316113240971
68 32 -0.03513686963333327
69 32 -0.007605258309236164
28 33  0.01140788746385413
29 33  0.02988952952229128
30 33  -0.0963606396343409
31 33 -0.01901314577309123
32 33 -0.04981588253715229
33 33   0.3009446126020195
34 33 0.007605258309236164
35 33  0.01992635301486094
36 33  -0.0963606396343409
64 33 -0.01901314577309029
65 33  0.01140788746385413
67 33  0.01901314577309029
68 33 -0.01140788746385413
69 33 -0.03513686963333327
31 34  -0.0275316113240971
33 34 0.007605258309236164
34 34   0.2511287300648648
36 34 -0.01901314577309123
37 34  -0.0275316113240971
39 34  0.01140788746385413
68 34  0.01140788746385413
69 34  -0.0190131457730903
70 34  -0.1229790437166688
71 34   0.0412974169861454
72 34   0.0190131457730903
32 35  -0.0275316113240971
33 35  0.01992635301486094
35 35   0.3460027152315256
36 35 -0.04981588253715229
38 35  -0.0275316113240971
39 35  0.02988952952229128
67 35 0.007605258309236164
69 35 0.007605258309236164
70 35   0.0275316113240971
71 35 -0.03513686963333327
72 35 -0.007605258309236164
31 36  0.01140788746385413
32 36  0.02988952952229128
33 36  -0.0963606396343409
34 36 -0.01901314577309124
35 36 -0.04981588253715229
36 36   0.3009446126020195
37 36 0.007605258309236164
38 36  0.01992635301486094
39 36 -0.09636063963434124
67 36 -0.01901314577309029
68 36  0.01140788746385413
70 36   0.0190131457730903
71 36 -0.01140788746385413
72 36 -0.03513686963333327
34 37  -0.0275316113240971
36 37 0.007605258309236164
37 37   0.2511287300648649
39 37 -0.01901314577309124
40 37  -0.0275316113240971
42 37  0.01140788746385413
71 37  0.01140788746385413
72 37  -0.0190131457730903
73 37  -0.1229790437166689
74 37  0.04129741698614541
75 37   0.0190131457730903
35 38  -0.0275316113240971
36 38  0.01992635301486094
38 38   0.3460027152315256
39 38 -0.04981588253715229
41 38  -0.0275316113240971
42 38  0.02988952952229128
70 38 0.007605258309236165
72 38 0.007605258309236164
73 38   0.0275316113240971
74 38 -0.03513686963333327
75 38 -0.007605258309236164
34 39  0.01140788746385413
35 39  0.02988952952229128
36 39 -0.09636063963434124
37 39 -0.01901314577309124
38 39 -0.04981588253715229
39 39   0.3009446126020198
40 39 0.007605258309236164
41 39  0.01992635301486094
42 39 -0.09636063963434149
70 39  -0.0190131457730903
71 39  0.01140788746385413
73 39   0.0190131457730903
74 39 -0.01140788746385413
75 39 -0.03513686963333327
37 40  -0.0275316113240971
39 40 0.007605258309236164
40 40   0.2511287300648648
42 40 -0.01901314577309124
49 40  -0.0275316113240971
51 40  0.01140788746385413
74 40  0.01140788746385413
75 40  -0.0190131457730903
76 40  -0.1229790437166688
77 40   0.0412974169861454
78 40   0.0190131457730903
38 41  -0.0275316113240971
39 41  0.01992635301486094
41 41   0.3460027152315256
42 41 -0.04981588253715229
50 41  -0.0275316113240971
51 41  0.02988952952229128
73 41 0.007605258309236164
75 41 0.007605258309236164
76 41   0.0275316113240971
77 41 -0.03513686963333327
78 41 -0.007605258309236164
37 42  0.01140788746385413
38 42  0.02988952952229128
39 42 -0.09636063963434149
40 42 -0.01901314577309124
41 42 -0.04981588253715229
42 42   0.3009446126020201
49 42 0.007605258309236164
50 42  0.01992635301486094
51 42 -0.09636063963434149
73 42  -0.0190131457730903
74 42  0.01140788746385413
76 42   0.0190131457730903
77 42 -0.01140788746385413
78 42 -0.03513686963333327
13 43 2.50752362505367e-06
25 43 2.507523625053669e-06
43 43 5.569184707909737e-05
46 43 4.090968550165733e-07
61 43 4.090968550165733e-07
79 43 2.507523625053669e-06
82 43 2.50752362505367e-06
14 44 2.50752362505367e-06
26 44 2.507523625053669e-06
44 44 5.569184707909737e-05
47 44 4.090968550165733e-07
62 44 4.090968550165733e-07
80 44 2.507523625053669e-06
83 44 2.50752362505367e-06
15 45 2.50752362505367e-06
27 45 2.507523625053669e-06
45 45 5.569184707909737e-05
48 45 4.090968550165733e-07
63 45 4.090968550165733e-07
81 45 2.507523625053669e-06
84 45 2.50752362505367e-06
13 46 2.045484275082869e-07
43 46 4.090968550165733e-07
46 46 5.42414410512392e-06
79 46 2.50752362505367e-06
88 46 2.045484275082869e-07
14 47 2.045484275082869e-07
44 47 4.090968550165733e-07
47 47 5.42414410512392e-06
80 47 2.50752362505367e-06
89 47 2.045484275082869e-07
15 48 2.045484275082869e-07
45 48 4.090968550165733e-07
48 48 5.42414410512392e-06
81 48 2.50752362505367e-06
90 48 2.045484275082869e-07
40 49  -0.0275316113240971
42 49 0.007605258309236164
49 49   0.2511287300648648
51 49 -0.01901314577309124
77 49  0.01140788746385413
78 49  -0.0190131457730903
85 49  -0.1229790437166688
86 49   0.0412974169861454
87 49   0.0190131457730903
91 49  -0.0275316113240971
93 49  0.01140788746385413
41 50  -0.0275316113240971
42 50  0.01992635301486094
50 50   0.3460027152315256
51 50 -0.04981588253715229
76 50 0.007605258309236164
78 50 0.007605258309236164
85 50   0.0275316113240971
86 50 -0.03513686963333327
87 50 -0.007605258309236164
92 50  -0.0275316113240971
93 50  0.02988952952229128
40 51  0.01140788746385413
41 51  0.02988952952229128
42 51 -0.09636063963434149
49 51 -0.01901314577309124
50 51 -0.04981588253715229
51 51   0.3009446126020201
76 51  -0.0190131457730903
77 51  0.01140788746385413
85 51   0.0190131457730903
86 51 -0.01140788746385413
87 51 -0.03513686963333327
91 51 0.007605258309236164
92 51  0.01992635301486094
93 51 -0.09636063963434149
16 52 2.302975197545383e-06
19 52 4.090968550165733e-07
52 52 5.026770297397344e-05
55 52 2.507523625053669e-06
94 52 2.302975197545383e-06
17 53 2.302975197545383e-06
20 53 4.090968550165733e-07
53 53 5.026770297397344e-05
56 53 2.507523625053669e-06
95 53 2.302975197545383e-06
18 54 2.302975197545383e-06
21 54 4.090968550165733e-07
54 54 5.026770297397344e-05
57 54 2.507523625053669e-06
96 54 2.302975197545383e-06
19 55 2.50752362505367e-06
22 55 4.090968550165733e-07
52 55 2.507523625053669e-06
55 55 5.569184707909737e-05
58 55 2.507523625053669e-06
94 55 4.090968550165733e-07
97 55 2.50752362505367e-06
20 56 2.50752362505367e-06
23 56 4.090968550165733e-07
53 56 2.507523625053669e-06
56 56 5.569184707909737e-05
59 56 2.507523625053669e-06
95 56 4.090968550165733e-07
98 56 2.50752362505367e-06
21 57 2.50752362505367e-06
24 57 4.090968550165733e-07
54 57 2.507523625053669e-06
57 57 5.569184707909737e-05
60 57 2.507523625053669e-06
96 57 4.090968550165733e-07
99 57 2.50752362505367e-06
22 58 2.507523625053672e-06
25 58 4.090968550165735e-07
55 58 2.507523625053669e-06
58 58 5.569184707909739e-05
61 58 2.507523625053671e-06
97 58 4.090968550165733e-07
100 58 2.507523625053672e-06
23 59 2.507523625053672e-06
26 59 4.090968550165735e-07
56 59 2.507523625053669e-06
59 59 5.569184707909739e-05
62 59 2.507523625053671e-06
98 59 4.090968550165733e-07
101 59 2.507523625053672e-06
24 60 2.507523625053672e-06
27 60 4.090968550165735e-07
57 60 2.507523625053669e-06
60 60 5.569184707909739e-05
63 60 2.507523625053671e-06
99 60 4.090968550165733e-07
102 60 2.507523625053672e-06
25 61 2.50752362505367e-06
43 61 4.090968550165733e-07
58 61 2.507523625053671e-06
61 61 5.569184707909737e-05
82 61 2.507523625053669e-06
100 61 4.090968550165735e-07
103 61 2.50752362505367e-06
26 62 2.50752362505367e-06
44 62 4.090968550165733e-07
59 62 2.507523625053671e-06
62 62 5.569184707909737e-05
83 62 2.507523625053669e-06
101 62 4.090968550165735e-07
104 62 2.50752362505367e-06
27 63 2.50752362505367e-06
45 63 4.090968550165733e-07
60 63 2.507523625053671e-06
63 63 5.569184707909737e-05
84 63 2.507523625053669e-06
102 63 4.090968550165735e-07
105 63 2.50752362505367e-06
28 64  -0.0266184040823273
29 64 0.007605258309236164
30 64  0.01140788746385413
32 64 0.007605258309236164
33 64  -0.0190131457730903
64 64   0.1235105474313218
65 64 -0.01901314577309124
66 64 -0.01901314577309123
67 64 -0.03513686963333326
68 64 -0.007605258309236164
69 64   0.0190131457730903
106 64  -0.0266184040823273
107 64  0.01140788746385413
108 64 0.007605258309236164
28 65  0.01140788746385413
29 65 -0.007605258309236164
30 65 -0.01140788746385413
31 65  0.01140788746385413
33 65  0.01140788746385413
64 65 -0.01901314577309124
65 65   0.1733264299684771
66 65 -0.06882902831024351
67 65 -0.01140788746385413
68 65 -0.03513686963333326
69 65   0.0412974169861454
106 65 0.007605258309236164
107 65 -0.007605258309236164
108 65 -0.007605258309236164
28 66 0.007605258309236164
29 66 -0.007605258309236164
30 66 -0.007605258309236164
31 66 -0.01901314577309029
32 66 0.007605258309236164
64 66 -0.01901314577309123
65 66 -0.06882902831024351
66 66   0.1733264299684771
67 66  0.01901314577309029
68 66   0.0275316113240971
69 66  -0.1229790437166682
106 66  0.01140788746385413
107 66 -0.01140788746385413
108 66 -0.007605258309236164
31 67  -0.1229790437166688
32 67   0.0275316113240971
33 67   0.0190131457730903
35 67 0.007605258309236164
36 67  -0.0190131457730903
64 67 -0.03513686963333326
65 67 -0.01140788746385413
66 67   0.0190131457730903
67 67   0.4244551600333418
68 67 -0.06882902831024353
69 67 -0.03802629154618246
70 67 -0.03513686963333326
71 67 -0.007605258309236164
72 67   0.0190131457730903
107 67  0.01140788746385413
108 67  -0.0190131457730903
109 67  -0.1229790437166688
110 67   0.0412974169861454
111 67   0.0190131457730903
31 68   0.0412974169861454
32 68 -0.03513686963333327
33 68 -0.01140788746385413
34 68  0.01140788746385413
36 68  0.01140788746385413
64 68 -0.007605258309236164
65 68 -0.03513686963333326
66 68   0.0275316113240971
67 68 -0.06882902831024353
68 68   0.5193291452000027
69 68 -0.06882902831024351
70 68 -0.01140788746385413
71 68 -0.03513686963333326
72 68   0.0412974169861454
106 68 0.007605258309236164
108 68 0.007605258309236164
109 68   0.0275316113240971
110 68 -0.03513686963333327
111 68 -0.007605258309236164
31 69  0.01901314577309029
32 69 -0.007605258309236164
33 69 -0.03513686963333327
34 69 -0.01901314577309029
35 69 0.007605258309236164
64 69  0.01901314577309029
65 69   0.0412974169861454
66 69  -0.1229790437166682
67 69 -0.03802629154618246
68 69 -0.06882902831024351
69 69   0.4244551600333412
70 69  0.01901314577309029
71 69   0.0275316113240971
72 69  -0.1229790437166682
106 69 -0.01901314577309029
107 69  0.01140788746385413
109 69  0.01901314577309029
110 69 -0.01140788746385413
111 69 -0.03513686963333327
34 70  -0.1229790437166688
35 70   0.0275316113240971
36 70   0.0190131457730903
38 70 0.007605258309236165
39 70  -0.0190131457730903
67 70 -0.03513686963333326
68 70 -0.01140788746385413
69 70   0.0190131457730903
70 70   0.4244551600333419
71 70 -0.06882902831024353
72 70 -0.03802629154618246
73 70 -0.03513686963333327
74 70 -0.007605258309236165
75 70   0.0190131457730903
110 70  0.01140788746385413
111 70  -0.0190131457730903
112 70  -0.1229790437166688
113 70   0.0412974169861454
114 70   0.0190131457730903
34 71   0.0412974169861454
35 71 -0.03513686963333327
36 71 -0.01140788746385413
37 71  0.01140788746385413
39 71  0.01140788746385413
67 71 -0.007605258309236164
68 71 -0.03513686963333326
69 71   0.0275316113240971
70 71 -0.06882902831024353
71 71   0.5193291452000027
72 71 -0.06882902831024351
73 71 -0.01140788746385413
74 71 -0.03513686963333327
75 71   0.0412974169861454
109 71 0.007605258309236164
111 71 0.007605258309236164
112 71   0.0275316113240971
113 71 -0.03513686963333327
114 71 -0.007605258309236164
34 72  0.01901314577309029
35 72 -0.007605258309236164
36 72 -0.03513686963333327
37 72  -0.0190131457730903
38 72 0.007605258309236164
67 72  0.01901314577309029
68 72   0.0412974169861454
69 72  -0.1229790437166682
70 72 -0.03802629154618247
71 72 -0.06882902831024353
72 72   0.4244551600333412
73 72   0.0190131457730903
74 72   0.0275316113240971
75 72  -0.1229790437166685
109 72 -0.01901314577309029
110 72  0.01140788746385413
112 72   0.0190131457730903
113 72 -0.01140788746385413
114 72 -0.03513686963333327
37 73  -0.1229790437166689
38 73   0.0275316113240971
39 73   0.0190131457730903
41 73 0.007605258309236164
42 73  -0.0190131457730903
70 73 -0.03513686963333327
71 73 -0.01140788746385413
72 73   0.0190131457730903
73 73    0.424455160033342
74 73 -0.06882902831024357
75 73 -0.03802629154618248
76 73 -0.03513686963333327
77 73 -0.007605258309236164
78 73   0.0190131457730903
113 73  0.01140788746385413
114 73  -0.0190131457730903
115 73  -0.1229790437166689
116 73  0.04129741698614541
117 73   0.0190131457730903
37 74  0.04129741698614541
38 74 -0.03513686963333327
39 74 -0.01140788746385413
40 74  0.01140788746385413
42 74  0.01140788746385413
70 74 -0.007605258309236165
71 74 -0.03513686963333327
72 74   0.0275316113240971
73 74 -0.06882902831024357
74 74   0.5193291452000027
75 74 -0.06882902831024353
76 74 -0.01140788746385413
77 74 -0.03513686963333327
78 74   0.0412974169861454
112 74 0.007605258309236165
114 74 0.007605258309236164
115 74   0.0275316113240971
116 74 -0.03513686963333327
117 74 -0.007605258309236164
37 75   0.0190131457730903
38 75 -0.007605258309236164
39 75 -0.03513686963333327
40 75  -0.0190131457730903
41 75 0.007605258309236164
70 75   0.0190131457730903
71 75   0.0412974169861454
72 75  -0.1229790437166685
73 75 -0.03802629154618248
74 75 -0.06882902831024353
75 75   0.4244551600333415
76 75   0.0190131457730903
77 75   0.0275316113240971
78 75  -0.1229790437166688
112 75  -0.0190131457730903
113 75  0.01140788746385413
115 75   0.0190131457730903
116 75 -0.01140788746385413
117 75 -0.03513686963333327
40 76  -0.1229790437166688
41 76   0.0275316113240971
42 76   0.0190131457730903
50 76 0.007605258309236164
51 76  -0.0190131457730903
73 76 -0.03513686963333327
74 76 -0.01140788746385413
75 76   0.0190131457730903
76 76   0.4244551600333418
77 76 -0.06882902831024353
78 76 -0.03802629154618248
85 76 -0.03513686963333327
86 76 -0.007605258309236164
87 76   0.0190131457730903
116 76  0.01140788746385413
117 76  -0.0190131457730903
118 76  -0.1229790437166688
119 76   0.0412974169861454
120 76   0.0190131457730903
40 77   0.0412974169861454
41 77 -0.03513686963333327
42 77 -0.01140788746385413
49 77  0.01140788746385413
51 77  0.01140788746385413
73 77 -0.007605258309236164
74 77 -0.03513686963333327
75 77   0.0275316113240971
76 77 -0.06882902831024353
77 77   0.5193291452000027
78 77 -0.06882902831024353
85 77 -0.01140788746385413
86 77 -0.03513686963333327
87 77   0.0412974169861454
115 77 0.007605258309236164
117 77 0.007605258309236164
118 77   0.0275316113240971
119 77 -0.03513686963333327
120 77 -0.007605258309236164
40 78   0.0190131457730903
41 78 -0.007605258309236164
42 78 -0.03513686963333327
49 78  -0.0190131457730903
50 78 0.007605258309236164
73 78   0.0190131457730903
74 78   0.0412974169861454
75 78  -0.1229790437166688
76 78 -0.03802629154618248
77 78 -0.06882902831024353
78 78   0.4244551600333419
85 78   0.0190131457730903
86 78   0.0275316113240971
87 78  -0.1229790437166688
115 78  -0.0190131457730903
116 78  0.01140788746385413
118 78   0.0190131457730903
119 78 -0.01140788746385413
120 78 -0.03513686963333327
43 79 2.507523625053669e-06
46 79 2.50752362505367e-06
79 79 5.569184707909737e-05
82 79 4.090968550165733e-07
88 79 4.090968550165733e-07
121 79 2.50752362505367e-06
124 79 2.507523625053669e-06
44 80 2.507523625053669e-06
47 80 2.50752362505367e-06
80 80 5.569184707909737e-05
83 80 4.090968550165733e-07
89 80 4.090968550165733e-07
122 80 2.50752362505367e-06
125 80 2.507523625053669e-06
45 81 2.507523625053669e-06
48 81 2.50752362505367e-06
81 81 5.569184707909737e-05
84 81 4.090968550165733e-07
90 81 4.090968550165733e-07
123 81 2.50752362505367e-06
126 81 2.507523625053669e-06
43 82 2.50752362505367e-06
61 82 2.507523625053669e-06
79 82 4.090968550165733e-07
82 82 5.569184707909737e-05
103 82 4.090968550165733e-07
121 82 2.507523625053669e-06
130 82 2.50752362505367e-06
44 83 2.50752362505367e-06
62 83 2.507523625053669e-06
80 83 4.090968550165733e-07
83 83 5.569184707909737e-05
104 83 4.090968550165733e-07
122 83 2.507523625053669e-06
131 83 2.50752362505367e-06
45 84 2.50752362505367e-06
63 84 2.507523625053669e-06
81 84 4.090968550165733e-07
84 84 5.569184707909737e-05
105 84 4.090968550165733e-07
123 84 2.507523625053669e-06
132 84 2.50752362505367e-06
49 85  -0.1229790437166688
50 85   0.0275316113240971
51 85   0.0190131457730903
76 85 -0.03513686963333327
77 85 -0.01140788746385413
78 85   0.0190131457730903
85 85   0.4244551600333418
86 85 -0.06882902831024353
87 85 -0.03802629154618248
92 85 0.007605258309236164
93 85  -0.0190131457730903
119 85  0.01140788746385413
120 85  -0.0190131457730903
127 85 -0.03513686963333327
128 85 -0.007605258309236164
129 85   0.0190131457730903
133 85  -0.1229790437166688
134 85   0.0412974169861454
135 85   0.0190131457730903
49 86   0.0412974169861454
50 86 -0.03513686963333327
51 86 -0.01140788746385413
76 86 -0.007605258309236164
77 86 -0.03513686963333327
78 86   0.0275316113240971
85 86 -0.06882902831024353
86 86   0.5193291452000027
87 86 -0.06882902831024353
91 86  0.01140788746385413
93 86  0.01140788746385413
118 86 0.007605258309236164
120 86 0.007605258309236164
127 86 -0.01140788746385413
128 86 -0.03513686963333327
129 86   0.0412974169861454
133 86   0.0275316113240971
134 86 -0.03513686963333327
135 86 -0.007605258309236164
49 87   0.0190131457730903
50 87 -0.007605258309236164
51 87 -0.03513686963333327
76 87   0.0190131457730903
77 87   0.0412974169861454
78 87  -0.1229790437166688
85 87 -0.03802629154618248
86 87 -0.06882902831024353
87 87   0.4244551600333419
91 87  -0.0190131457730903
92 87 0.007605258309236164
118 87  -0.0190131457730903
119 87  0.01140788746385413
127 87   0.0190131457730903
128 87   0.0275316113240971
129 87  -0.1229790437166688
133 87   0.0190131457730903
134 87 -0.01140788746385413
135 87 -0.03513686963333327
46 88 2.045484275082869e-07
79 88 4.090968550165733e-07
88 88 8.181937100331471e-07
124 88 2.045484275082869e-07
47 89 2.045484275082869e-07
80 89 4.090968550165733e-07
89 89 8.181937100331471e-07
125 89 2.045484275082869e-07
48 90 2.045484275082869e-07
81 90 4.090968550165733e-07
90 90 8.181937100331471e-07
126 90 2.045484275082869e-07
49 91  -0.0275316113240971
51 91 0.007605258309236164
86 91  0.01140788746385413
87 91  -0.0190131457730903
91 91   0.1770523616435791
127 91 -0.09636063963434149
128 91  0.02988952952229128
129 91  0.01140788746385413
50 92  -0.0275316113240971
51 92  0.01992635301486094
85 92 0.007605258309236164
87 92 0.007605258309236164
92 92   0.2411236100461761
127 92  0.01992635301486094
128 92  -0.0275316113240971
49 93  0.01140788746385413
50 93  0.02988952952229128
51 93 -0.09636063963434149
85 93  -0.0190131457730903
86 93  0.01140788746385413
93 93   0.1770523616435792
127 93 0.007605258309236164
129 93  -0.0275316113240971
52 94 2.302975197545383e-06
55 94 4.090968550165733e-07
94 94 5.026770297397344e-05
97 94 2.507523625053669e-06
136 94 2.302975197545385e-06
53 95 2.302975197545383e-06
56 95 4.090968550165733e-07
95 95 5.026770297397344e-05
98 95 2.507523625053669e-06
137 95 2.302975197545385e-06
54 96 2.302975197545383e-06
57 96 4.090968550165733e-07
96 96 5.026770297397344e-05
99 96 2.507523625053669e-06
138 96 2.302975197545385e-06
55 97 2.50752362505367e-06
58 97 4.090968550165733e-07
94 97 2.507523625053669e-06
97 97 5.569184707909737e-05
100 97 2.507523625053669e-06
136 97 4.090968550165736e-07
139 97 2.507523625053672e-06
56 98 2.50752362505367e-06
59 98 4.090968550165733e-07
95 98 2.507523625053669e-06
98 98 5.569184707909737e-05
101 98 2.507523625053669e-06
137 98 4.090968550165736e-07
140 98 2.507523625053672e-06
57 99 2.50752362505367e-06
60 99 4.090968550165733e-07
96 99 2.507523625053669e-06
99 99 5.569184707909737e-05
102 99 2.507523625053669e-06
138 99 4.090968550165736e-07
141 99 2.507523625053672e-06
58 100 2.507523625053672e-06
61 100 4.090968550165735e-07
97 100 2.507523625053669e-06
100 100 5.569184707909739e-05
103 100 2.507523625053671e-06
139 100 4.090968550165736e-07
142 100 2.507523625053672e-06
59 101 2.507523625053672e-06
62 101 4.090968550165735e-07
98 101 2.507523625053669e-06
101 101 5.569184707909739e-05
104 101 2.507523625053671e-06
140 101 4.090968550165736e-07
143 101 2.507523625053672e-06
60 102 2.507523625053672e-06
63 102 4.090968550165735e-07
99 102 2.507523625053669e-06
102 102 5.569184707909739e-05
105 102 2.507523625053671e-06
141 102 4.090968550165736e-07
144 102 2.507523625053672e-06
61 103 2.50752362505367e-06
82 103 4.090968550165733e-07
100 103 2.507523625053671e-06
103 103 5.569184707909737e-05
130 103 2.507523625053669e-06
142 103 4.090968550165736e-07
145 103 2.507523625053672e-06
62 104 2.50752362505367e-06
83 104 4.090968550165733e-07
101 104 2.507523625053671e-06
104 104 5.569184707909737e-05
131 104 2.507523625053669e-06
143 104 4.090968550165736e-07
146 104 2.507523625053672e-06
63 105 2.50752362505367e-06
84 105 4.090968550165733e-07
102 105 2.507523625053671e-06
105 105 5.569184707909737e-05
132 105 2.507523625053669e-06
144 105 4.090968550165736e-07
147 105 2.507523625053672e-06
64 106  -0.0266184040823273
65 106 0.007605258309236164
66 106  0.01140788746385413
68 106 0.007605258309236164
69 106  -0.0190131457730903
106 106   0.1235105474313218
107 106 -0.01901314577309124
108 106 -0.01901314577309123
109 106 -0.03513686963333326
110 106 -0.007605258309236164
111 106   0.0190131457730903
148 106  -0.0266184040823273
149 106  0.01140788746385413
150 106 0.007605258309236164
64 107  0.01140788746385413
65 107 -0.007605258309236164
66 107 -0.01140788746385413
67 107  0.01140788746385413
69 107  0.01140788746385413
106 107 -0.01901314577309124
107 107   0.1733264299684771
108 107 -0.06882902831024351
109 107 -0.01140788746385413
110 107 -0.03513686963333326
111 107   0.0412974169861454
148 107 0.007605258309236164
149 107 -0.007605258309236164
150 107 -0.007605258309236164
64 108 0.007605258309236164
65 108 -0.007605258309236164
66 108 -0.007605258309236164
67 108 -0.01901314577309029
68 108 0.007605258309236164
106 108 -0.01901314577309123
107 108 -0.06882902831024351
108 108   0.1733264299684771
109 108  0.01901314577309029
110 108   0.0275316113240971
111 108  -0.1229790437166682
148 108  0.01140788746385413
149 108 -0.01140788746385413
150 108 -0.007605258309236164
67 109  -0.1229790437166688
68 109   0.0275316113240971
69 109   0.0190131457730903
71 109 0.007605258309236164
72 109  -0.0190131457730903
106 109 -0.03513686963333326
107 109 -0.01140788746385413
108 109   0.0190131457730903
109 109   0.4244551600333418
110 109 -0.06882902831024353
111 109 -0.03802629154618246
112 109 -0.03513686963333326
113 109 -0.007605258309236164
114 109   0.0190131457730903
149 109  0.01140788746385413
150 109  -0.0190131457730903
151 109  -0.1229790437166688
152 109   0.0412974169861454
153 109   0.0190131457730903
67 110   0.0412974169861454
68 110 -0.03513686963333327
69 110 -0.01140788746385413
70 110  0.01140788746385413
72 110  0.01140788746385413
106 110 -0.007605258309236164
107 110 -0.03513686963333326
108 110   0.0275316113240971
109 110 -0.06882902831024353
110 110   0.5193291452000027
111 110 -0.06882902831024351
112 110 -0.01140788746385413
113 110 -0.03513686963333326
114 110   0.0412974169861454
148 110 0.007605258309236164
150 110 0.007605258309236164
151 110   0.0275316113240971
152 110 -0.03513686963333327
153 110 -0.007605258309236164
67 111  0.01901314577309029
68 111 -0.007605258309236164
69 111 -0.03513686963333327
70 111 -0.01901314577309029
71 111 0.007605258309236164
106 111  0.01901314577309029
107 111   0.0412974169861454
108 111  -0.1229790437166682
109 111 -0.03802629154618246
110 111 -0.06882902831024351
111 111   0.4244551600333412
112 111  0.01901314577309029
113 111   0.0275316113240971
114 111  -0.1229790437166682
148 111 -0.01901314577309029
149 111  0.01140788746385413
151 111  0.01901314577309029
152 111 -0.01140788746385413
153 111 -0.03513686963333327
70 112  -0.1229790437166688
71 112   0.0275316113240971
72 112   0.0190131457730903
74 112 0.007605258309236165
75 112  -0.0190131457730903
109 112 -0.03513686963333326
110 112 -0.01140788746385413
111 112   0.0190131457730903
112 112   0.4244551600333419
113 112 -0.06882902831024353
114 112 -0.03802629154618246
115 112 -0.03513686963333327
116 112 -0.007605258309236165
117 112   0.0190131457730903
152 112  0.01140788746385413
153 112  -0.0190131457730903
154 112  -0.1229790437166688
155 112   0.0412974169861454
156 112   0.0190131457730903
70 113   0.0412974169861454
71 113 -0.03513686963333327
72 113 -0.01140788746385413
73 113  0.01140788746385413
75 113  0.01140788746385413
109 113 -0.007605258309236164
110 113 -0.03513686963333326
111 113   0.0275316113240971
112 113 -0.06882902831024353
113 113   0.5193291452000027
114 113 -0.06882902831024351
115 113 -0.01140788746385413
116 113 -0.03513686963333327
117 113   0.0412974169861454
151 113 0.007605258309236164
153 113 0.007605258309236164
154 113   0.0275316113240971
155 113 -0.03513686963333327
156 113 -0.007605258309236164
70 114  0.01901314577309029
71 114 -0.007605258309236164
72 114 -0.03513686963333327
73 114  -0.0190131457730903
74 114 0.007605258309236164
109 114  0.01901314577309029
110 114   0.0412974169861454
111 114  -0.1229790437166682
112 114 -0.03802629154618247
113 114 -0.06882902831024353
114 114   0.4244551600333412
115 114   0.0190131457730903
116 114   0.0275316113240971
117 114  -0.1229790437166685
151 114 -0.01901314577309029
152 114  0.01140788746385413
154 114   0.0190131457730903
155 114 -0.01140788746385413
156 114 -0.03513686963333327
73 115  -0.1229790437166689
74 115   0.0275316113240971
75 115   0.0190131457730903
77 115 0.007605258309236164
78 115  -0.0190131457730903
112 115 -0.03513686963333327
113 115 -0.01140788746385413
114 115   0.0190131457730903
115 115    0.424455160033342
116 115 -0.06882902831024357
117 115 -0.03802629154618248
118 115 -0.03513686963333327
119 115 -0.007605258309236164
120 115   0.0190131457730903
155 115  0.01140788746385413
156 115  -0.0190131457730903
157 115  -0.1229790437166689
158 115  0.04129741698614541
159 115   0.0190131457730903
73 116  0.04129741698614541
74 116 -0.03513686963333327
75 116 -0.01140788746385413
76 116  0.01140788746385413
78 116  0.01140788746385413
112 116 -0.007605258309236165
113 116 -0.03513686963333327
114 116   0.0275316113240971
115 116 -0.06882902831024357
116 116   0.5193291452000027
117 116 -0.06882902831024353
118 116 -0.01140788746385413
119 116 -0.03513686963333327
120 116   0.0412974169861454
154 116 0.007605258309236165
156 116 0.007605258309236164
157 116   0.0275316113240971
158 116 -0.03513686963333327
159 116 -0.007605258309236164
73 117   0.0190131457730903
74 117 -0.007605258309236164
75 117 -0.03513686963333327
76 117  -0.0190131457730903
77 117 0.007605258309236164
112 117   0.0190131457730903
113 117   0.0412974169861454
114 117  -0.1229790437166685
115 117 -0.03802629154618248
116 117 -0.06882902831024353
117 117   0.4244551600333415
118 117   0.0190131457730903
119 117   0.0275316113240971
120 117  -0.1229790437166688
154 117  -0.0190131457730903
155 117  0.01140788746385413
157 117   0.0190131457730903
158 117 -0.01140788746385413
159 117 -0.03513686963333327
76 118  -0.1229790437166688
77 118   0.0275316113240971
78 118   0.0190131457730903
86 118 0.007605258309236164
87 118  -0.0190131457730903
115 118 -0.03513686963333327
116 118 -0.01140788746385413
117 118   0.0190131457730903
118 118   0.4244551600333418
119 118 -0.06882902831024353
120 118 -0.03802629154618248
133 118 -0.03513686963333327
134 118 -0.007605258309236164
135 118   0.0190131457730903
158 118  0.01140788746385413
159 118  -0.0190131457730903
160 118  -0.1229790437166688
161 118   0.0412974169861454
162 118   0.0190131457730903
76 119   0.0412974169861454
77 119 -0.03513686963333327
78 119 -0.01140788746385413
85 119  0.01140788746385413
87 119  0.01140788746385413
115 119 -0.007605258309236164
116 119 -0.03513686963333327
117 119   0.0275316113240971
118 119 -0.06882902831024353
119 119   0.5193291452000027
120 119 -0.06882902831024353
133 119 -0.01140788746385413
134 119 -0.03513686963333327
135 119   0.0412974169861454
157 119 0.007605258309236164
159 119 0.007605258309236164
160 119   0.0275316113240971
161 119 -0.03513686963333327
162 119 -0.007605258309236164
76 120   0.0190131457730903
77 120 -0.007605258309236164
78 120 -0.03513686963333327
85 120  -0.0190131457730903
86 120 0.007605258309236164
115 120   0.0190131457730903
116 120   0.0412974169861454
117 120  -0.1229790437166688
118 120 -0.03802629154618248
119 120 -0.06882902831024353
120 120   0.4244551600333419
133 120   0.0190131457730903
134 120   0.0275316113240971
135 120  -0.1229790437166688
157 120  -0.0190131457730903
158 120  0.01140788746385413
160 120   0.0190131457730903
161 120 -0.01140788746385413
162 120 -0.03513686963333327
79 121 2.50752362505367e-06
82 121 2.507523625053669e-06
121 121 5.569184707909737e-05
124 121 4.090968550165733e-07
130 121 4.090968550165733e-07
163 121 2.50752362505367e-06
166 121 2.507523625053669e-06
80 122 2.50752362505367e-06
83 122 2.507523625053669e-06
122 122 5.569184707909737e-05
125 122 4.090968550165733e-07
131 122 4.090968550165733e-07
164 122 2.50752362505367e-06
167 122 2.507523625053669e-06
81 123 2.50752362505367e-06
84 123 2.507523625053669e-06
123 123 5.569184707909737e-05
126 123 4.090968550165733e-07
132 123 4.090968550165733e-07
165 123 2.50752362505367e-06
168 123 2.507523625053669e-06
79 124 2.507523625053669e-06
88 124 2.045484275082869e-07
121 124 4.090968550165733e-07
124 124 5.424144105123919e-06
166 124 2.045484275082869e-07
80 125 2.507523625053669e-06
89 125 2.045484275082869e-07
122 125 4.090968550165733e-07
125 125 5.424144105123919e-06
167 125 2.045484275082869e-07
81 126 2.507523625053669e-06
90 126 2.045484275082869e-07
123 126 4.090968550165733e-07
126 126 5.424144105123919e-06
168 126 2.045484275082869e-07
85 127 -0.03513686963333327
86 127 -0.01140788746385413
87 127   0.0190131457730903
91 127 -0.09636063963434149
92 127  0.01992635301486094
93 127 0.007605258309236164
127 127     0.30094461260202
128 127 -0.04981588253715229
129 127 -0.01901314577309124
134 127  0.01140788746385413
135 127  -0.0190131457730903
169 127 -0.09636063963434149
170 127  0.02988952952229128
171 127  0.01140788746385413
85 128 -0.007605258309236164
86 128 -0.03513686963333327
87 128   0.0275316113240971
91 128  0.02988952952229128
92 128  -0.0275316113240971
127 128 -0.04981588253715229
128 128   0.3460027152315256
133 128 0.007605258309236164
135 128 0.007605258309236164
169 128  0.01992635301486094
170 128  -0.0275316113240971
85 129   0.0190131457730903
86 129   0.0412974169861454
87 129  -0.1229790437166688
91 129  0.01140788746385413
93 129  -0.0275316113240971
127 129 -0.01901314577309124
129 129   0.2511287300648648
133 129  -0.0190131457730903
134 129  0.01140788746385413
169 129 0.007605258309236164
171 129  -0.0275316113240971
82 130 2.50752362505367e-06
103 130 2.507523625053669e-06
121 130 4.090968550165733e-07
130 130 5.569184707909737e-05
145 130 4.090968550165735e-07
163 130 2.507523625053669e-06
172 130 2.507523625053672e-06
83 131 2.50752362505367e-06
104 131 2.507523625053669e-06
122 131 4.090968550165733e-07
131 131 5.569184707909737e-05
146 131 4.090968550165735e-07
164 131 2.507523625053669e-06
173 131 2.507523625053672e-06
84 132 2.50752362505367e-06
105 132 2.507523625053669e-06
123 132 4.090968550165733e-07
132 132 5.569184707909737e-05
147 132 4.090968550165735e-07
165 132 2.507523625053669e-06
174 132 2.507523625053672e-06
85 133  -0.1229790437166688
86 133   0.0275316113240971
87 133   0.0190131457730903
118 133 -0.03513686963333327
119 133 -0.01140788746385413
120 133   0.0190131457730903
128 133 0.007605258309236164
129 133  -0.0190131457730903
133 133   0.4244551600333418
134 133 -0.06882902831024353
135 133 -0.03802629154618248
161 133  0.01140788746385413
162 133  -0.0190131457730903
169 133 -0.03513686963333327
170 133 -0.007605258309236164
171 133   0.0190131457730903
175 133  -0.1229790437166688
176 133   0.0412974169861454
177 133   0.0190131457730903
85 134   0.0412974169861454
86 134 -0.03513686963333327
87 134 -0.01140788746385413
118 134 -0.007605258309236164
119 134 -0.03513686963333327
120 134   0.0275316113240971
127 134  0.01140788746385413
129 134  0.01140788746385413
133 134 -0.06882902831024353
134 134   0.5193291452000027
135 134 -0.06882902831024353
160 134 0.007605258309236164
162 134 0.007605258309236164
169 134 -0.01140788746385413
170 134 -0.03513686963333327
171 134   0.0412974169861454
175 134   0.0275316113240971
176 134 -0.03513686963333327
177 134 -0.007605258309236164
85 135   0.0190131457730903
86 135 -0.007605258309236164
87 135 -0.03513686963333327
118 135   0.0190131457730903
119 135   0.0412974169861454
120 135  -0.1229790437166688
127 135  -0.0190131457730903
128 135 0.007605258309236164
133 135 -0.03802629154618248
134 135 -0.06882902831024353
135 135   0.4244551600333419
160 135  -0.0190131457730903
161 135  0.01140788746385413
169 135   0.0190131457730903
170 135   0.0275316113240971
171 135  -0.1229790437166688
175 135   0.0190131457730903
176 135 -0.01140788746385413
177 135 -0.03513686963333327
94 136 2.302975197545385e-06
97 136 4.090968550165736e-07
136 136 5.026770297397347e-05
139 136 2.507523625053671e-06
178 136 2.302975197545385e-06
95 137 2.302975197545385e-06
98 137 4.090968550165736e-07
137 137 5.026770297397347e-05
140 137 2.507523625053671e-06
179 137 2.302975197545385e-06
96 138 2.302975197545385e-06
99 138 4.090968550165736e-07
138 138 5.026770297397347e-05
141 138 2.507523625053671e-06
180 138 2.302975197545385e-06
97 139 2.507523625053672e-06
100 139 4.090968550165736e-07
136 139 2.507523625053671e-06
139 139 5.569184707909739e-05
142 139 2.507523625053671e-06
178 139 4.090968550165735e-07
181 139 2.507523625053672e-06
98 140 2.507523625053672e-06
101 140 4.090968550165736e-07
137 140 2.507523625053671e-06
140 140 5.569184707909739e-05
143 140 2.507523625053671e-06
179 140 4.090968550165735e-07
182 140 2.507523625053672e-06
99 141 2.507523625053672e-06
102 141 4.090968550165736e-07
138 141 2.507523625053671e-06
141 141 5.569184707909739e-05
144 141 2.507523625053671e-06
180 141 4.090968550165735e-07
183 141 2.507523625053672e-06
100 142 2.507523625053672e-06
103 142 4.090968550165736e-07
139 142 2.507523625053671e-06
142 142 5.569184707909739e-05
145 142 2.507523625053672e-06
181 142 4.090968550165735e-07
184 142 2.507523625053672e-06
101 143 2.507523625053672e-06
104 143 4.090968550165736e-07
140 143 2.507523625053671e-06
143 143 5.569184707909739e-05
146 143 2.507523625053672e-06
182 143 4.090968550165735e-07
185 143 2.507523625053672e-06
102 144 2.507523625053672e-06
105 144 4.090968550165736e-07
141 144 2.507523625053671e-06
144 144 5.569184707909739e-05
147 144 2.507523625053672e-06
183 144 4.090968550165735e-07
186 144 2.507523625053672e-06
103 145 2.507523625053672e-06
130 145 4.090968550165735e-07
142 145 2.507523625053672e-06
145 145 5.569184707909739e-05
172 145 2.507523625053671e-06
184 145 4.090968550165736e-07
187 145 2.50752362505367e-06
104 146 2.507523625053672e-06
131 146 4.090968550165735e-07
143 146 2.507523625053672e-06
146 146 5.569184707909739e-05
173 146 2.507523625053671e-06
185 146 4.090968550165736e-07
188 146 2.50752362505367e-06
105 147 2.507523625053672e-06
132 147 4.090968550165735e-07
144 147 2.507523625053672e-06
147 147 5.569184707909739e-05
174 147 2.507523625053671e-06
186 147 4.090968550165736e-07
189 147 2.50752362505367e-06
106 148  -0.0266184040823273
107 148 0.007605258309236164
108 148  0.01140788746385413
110 148 0.007605258309236164
111 148  -0.0190131457730903
148 148   0.1235105474313218
149 148 -0.01901314577309124
150 148 -0.01901314577309123
151 148 -0.03513686963333327
152 148 -0.007605258309236164
153 148  0.01901314577309029
190 148 -0.02661840408232729
191 148  0.01140788746385413
192 148 0.007605258309236164
106 149  0.01140788746385413
107 149 -0.007605258309236164
108 149 -0.01140788746385413
109 149  0.01140788746385413
111 149  0.01140788746385413
148 149 -0.01901314577309124
149 149   0.1733264299684771
150 149 -0.06882902831024351
151 149 -0.01140788746385413
152 149 -0.03513686963333327
153 149   0.0412974169861454
190 149 0.007605258309236164
191 149 -0.007605258309236164
192 149 -0.007605258309236165
106 150 0.007605258309236164
107 150 -0.007605258309236164
108 150 -0.007605258309236164
109 150 -0.01901314577309029
110 150 0.007605258309236164
148 150 -0.01901314577309123
149 150 -0.06882902831024351
150 150   0.1733264299684771
151 150  0.01901314577309029
152 150   0.0275316113240971
153 150  -0.1229790437166687
190 150  0.01140788746385413
191 150 -0.01140788746385413
192 150 -0.007605258309236164
109 151  -0.1229790437166688
110 151   0.0275316113240971
111 151   0.0190131457730903
113 151 0.007605258309236164
114 151  -0.0190131457730903
148 151 -0.03513686963333327
149 151 -0.01140788746385413
150 151   0.0190131457730903
151 151   0.4244551600333415
152 151 -0.06882902831024353
153 151 -0.03802629154618245
154 151 -0.03513686963333327
155 151 -0.007605258309236164
156 151  0.01901314577309029
191 151  0.01140788746385413
192 151 -0.01901314577309029
193 151  -0.1229790437166685
194 151   0.0412974169861454
195 151  0.01901314577309029
109 152   0.0412974169861454
110 152 -0.03513686963333327
111 152 -0.01140788746385413
112 152  0.01140788746385413
114 152  0.01140788746385413
148 152 -0.007605258309236164
149 152 -0.03513686963333327
150 152   0.0275316113240971
151 152 -0.06882902831024353
152 152   0.5193291452000027
153 152 -0.06882902831024351
154 152 -0.01140788746385413
155 152 -0.03513686963333327
156 152   0.0412974169861454
190 152 0.007605258309236164
192 152 0.007605258309236165
193 152   0.0275316113240971
194 152 -0.03513686963333327
195 152 -0.007605258309236165
109 153  0.01901314577309029
110 153 -0.007605258309236164
111 153 -0.03513686963333327
112 153 -0.01901314577309029
113 153 0.007605258309236164
148 153  0.01901314577309029
149 153   0.0412974169861454
150 153  -0.1229790437166687
151 153 -0.03802629154618245
152 153 -0.06882902831024351
153 153   0.4244551600333417
154 153  0.01901314577309029
155 153   0.0275316113240971
156 153  -0.1229790437166687
190 153 -0.01901314577309029
191 153  0.01140788746385413
193 153  0.01901314577309029
194 153 -0.01140788746385413
195 153 -0.03513686963333327
112 154  -0.1229790437166688
113 154   0.0275316113240971
114 154   0.0190131457730903
116 154 0.007605258309236165
117 154  -0.0190131457730903
151 154 -0.03513686963333327
152 154 -0.01140788746385413
153 154   0.0190131457730903
154 154   0.4244551600333415
155 154 -0.06882902831024353
156 154 -0.03802629154618246
157 154 -0.03513686963333327
158 154 -0.007605258309236165
159 154  0.01901314577309029
194 154  0.01140788746385413
195 154 -0.01901314577309029
196 154  -0.1229790437166685
197 154   0.0412974169861454
198 154  0.01901314577309029
112 155   0.0412974169861454
113 155 -0.03513686963333327
114 155 -0.01140788746385413
115 155  0.01140788746385413
117 155  0.01140788746385413
151 155 -0.007605258309236164
152 155 -0.03513686963333327
153 155   0.0275316113240971
154 155 -0.06882902831024353
155 155   0.5193291452000028
156 155 -0.06882902831024351
157 155 -0.01140788746385413
158 155 -0.03513686963333327
159 155   0.0412974169861454
193 155 0.007605258309236164
195 155 0.007605258309236165
196 155   0.0275316113240971
197 155 -0.03513686963333327
198 155 -0.007605258309236165
112 156  0.01901314577309029
113 156 -0.007605258309236164
114 156 -0.03513686963333327
115 156  -0.0190131457730903
116 156 0.007605258309236164
151 156  0.01901314577309029
152 156   0.0412974169861454
153 156  -0.1229790437166687
154 156 -0.03802629154618246
155 156 -0.06882902831024353
156 156   0.4244551600333417
157 156   0.0190131457730903
158 156   0.0275316113240971
159 156  -0.1229790437166687
193 156 -0.01901314577309029
194 156  0.01140788746385413
196 156  0.01901314577309029
197 156 -0.01140788746385413
198 156 -0.03513686963333327
115 157  -0.1229790437166689
116 157   0.0275316113240971
117 157   0.0190131457730903
119 157 0.007605258309236164
120 157  -0.0190131457730903
154 157 -0.03513686963333327
155 157 -0.01140788746385413
156 157   0.0190131457730903
157 157   0.4244551600333418
158 157 -0.06882902831024357
159 157 -0.03802629154618248
160 157 -0.03513686963333327
161 157 -0.007605258309236164
162 157   0.0190131457730903
197 157  0.01140788746385413
198 157 -0.01901314577309029
199 157  -0.1229790437166687
200 157   0.0412974169861454
201 157  0.01901314577309029
115 158  0.04129741698614541
116 158 -0.03513686963333327
117 158 -0.01140788746385413
118 158  0.01140788746385413
120 158  0.01140788746385413
154 158 -0.007605258309236165
155 158 -0.03513686963333327
156 158   0.0275316113240971
157 158 -0.06882902831024357
158 158   0.5193291452000027
159 158 -0.06882902831024357
160 158 -0.01140788746385413
161 158 -0.03513686963333327
162 158  0.04129741698614541
196 158 0.007605258309236165
198 158 0.007605258309236165
199 158   0.0275316113240971
200 158 -0.03513686963333327
201 158 -0.007605258309236165
115 159   0.0190131457730903
116 159 -0.007605258309236164
117 159 -0.03513686963333327
118 159  -0.0190131457730903
119 159 0.007605258309236164
154 159  0.01901314577309029
155 159   0.0412974169861454
156 159  -0.1229790437166687
157 159 -0.03802629154618248
158 159 -0.06882902831024357
159 159   0.4244551600333418
160 159   0.0190131457730903
161 159   0.0275316113240971
162 159  -0.1229790437166689
196 159 -0.01901314577309029
197 159  0.01140788746385413
199 159   0.0190131457730903
200 159 -0.01140788746385413
201 159 -0.03513686963333327
118 160  -0.1229790437166688
119 160   0.0275316113240971
120 160   0.0190131457730903
134 160 0.007605258309236164
135 160  -0.0190131457730903
157 160 -0.03513686963333327
158 160 -0.01140788746385413
159 160   0.0190131457730903
160 160   0.4244551600333415
161 160 -0.06882902831024353
162 160 -0.03802629154618248
175 160 -0.03513686963333327
176 160 -0.007605258309236164
177 160   0.0190131457730903
200 160  0.01140788746385413
201 160  -0.0190131457730903
202 160  -0.1229790437166685
203 160   0.0412974169861454
204 160   0.0190131457730903
118 161   0.0412974169861454
119 161 -0.03513686963333327
120 161 -0.01140788746385413
133 161  0.01140788746385413
135 161  0.01140788746385413
157 161 -0.007605258309236164
158 161 -0.03513686963333327
159 161   0.0275316113240971
160 161 -0.06882902831024353
161 161   0.5193291452000027
162 161 -0.06882902831024357
175 161 -0.01140788746385413
176 161 -0.03513686963333327
177 161  0.04129741698614541
199 161 0.007605258309236164
201 161 0.007605258309236165
202 161   0.0275316113240971
203 161 -0.03513686963333327
204 161 -0.007605258309236165
118 162   0.0190131457730903
119 162 -0.007605258309236164
120 162 -0.03513686963333327
133 162  -0.0190131457730903
134 162 0.007605258309236164
157 162   0.0190131457730903
158 162  0.04129741698614541
159 162  -0.1229790437166689
160 162 -0.03802629154618248
161 162 -0.06882902831024357
162 162   0.4244551600333419
175 162   0.0190131457730903
176 162   0.0275316113240971
177 162  -0.1229790437166689
199 162  -0.0190131457730903
200 162  0.01140788746385413
202 162   0.0190131457730903
203 162 -0.01140788746385413
204 162 -0.03513686963333327
121 163 2.50752362505367e-06
130 163 2.507523625053669e-06
163 163 5.569184707909737e-05
166 163 4.090968550165733e-07
172 163 4.090968550165735e-07
205 163 2.507523625053672e-06
208 163 2.507523625053669e-06
122 164 2.50752362505367e-06
131 164 2.507523625053669e-06
164 164 5.569184707909737e-05
167 164 4.090968550165733e-07
173 164 4.090968550165735e-07
206 164 2.507523625053672e-06
209 164 2.507523625053669e-06
123 165 2.50752362505367e-06
132 165 2.507523625053669e-06
165 165 5.569184707909737e-05
168 165 4.090968550165733e-07
174 165 4.090968550165735e-07
207 165 2.507523625053672e-06
210 165 2.507523625053669e-06
121 166 2.507523625053669e-06
124 166 2.045484275082869e-07
163 166 4.090968550165733e-07
166 166 5.424144105123919e-06
208 166 2.045484275082869e-07
122 167 2.507523625053669e-06
125 167 2.045484275082869e-07
164 167 4.090968550165733e-07
167 167 5.424144105123919e-06
209 167 2.045484275082869e-07
123 168 2.507523625053669e-06
126 168 2.045484275082869e-07
165 168 4.090968550165733e-07
168 168 5.424144105123919e-06
210 168 2.045484275082869e-07
127 169 -0.09636063963434149
128 169  0.01992635301486094
129 169 0.007605258309236164
133 169 -0.03513686963333327
134 169 -0.01140788746385413
135 169   0.0190131457730903
169 169     0.30094461260202
170 169 -0.04981588253715229
171 169 -0.01901314577309124
176 169  0.01140788746385413
177 169  -0.0190131457730903
211 169 -0.09636063963434149
212 169  0.02988952952229128
213 169  0.01140788746385413
127 170  0.02988952952229128
128 170  -0.0275316113240971
133 170 -0.007605258309236164
134 170 -0.03513686963333327
135 170   0.0275316113240971
169 170 -0.04981588253715229
170 170   0.3460027152315256
175 170 0.007605258309236164
177 170 0.007605258309236164
211 170  0.01992635301486094
212 170  -0.0275316113240971
127 171  0.01140788746385413
129 171  -0.0275316113240971
133 171   0.0190131457730903
134 171   0.0412974169861454
135 171  -0.1229790437166688
169 171 -0.01901314577309124
171 171   0.2511287300648648
175 171  -0.0190131457730903
176 171  0.01140788746385413
211 171 0.007605258309236164
213 171  -0.0275316113240971
130 172 2.507523625053672e-06
145 172 2.507523625053671e-06
163 172 4.090968550165735e-07
172 172 5.569184707909739e-05
187 172 4.090968550165733e-07
205 172 2.507523625053671e-06
214 172 2.50752362505367e-06
131 173 2.507523625053672e-06
146 173 2.507523625053671e-06
164 173 4.090968550165735e-07
173 173 5.569184707909739e-05
188 173 4.090968550165733e-07
206 173 2.507523625053671e-06
215 173 2.50752362505367e-06
132 174 2.507523625053672e-06
147 174 2.507523625053671e-06
165 174 4.090968550165735e-07
174 174 5.569184707909739e-05
189 174 4.090968550165733e-07
207 174 2.507523625053671e-06
216 174 2.50752362505367e-06
133 175  -0.1229790437166688
134 175   0.0275316113240971
135 175   0.0190131457730903
160 175 -0.03513686963333327
161 175 -0.01140788746385413
162 175   0.0190131457730903
170 175 0.007605258309236164
171 175  -0.0190131457730903
175 175   0.4244551600333415
176 175 -0.06882902831024353
177 175 -0.03802629154618248
203 175  0.01140788746385413
204 175  -0.0190131457730903
211 175 -0.03513686963333327
212 175 -0.007605258309236164
213 175   0.0190131457730903
217 175  -0.1229790437166685
218 175   0.0412974169861454
219 175   0.0190131457730903
133 176   0.0412974169861454
134 176 -0.03513686963333327
135 176 -0.01140788746385413
160 176 -0.007605258309236164
161 176 -0.03513686963333327
162 176   0.0275316113240971
169 176  0.01140788746385413
171 176  0.01140788746385413
175 176 -0.06882902831024353
176 176   0.5193291452000027
177 176 -0.06882902831024357
202 176 0.007605258309236164
204 176 0.007605258309236165
211 176 -0.01140788746385413
212 176 -0.03513686963333327
213 176  0.04129741698614541
217 176   0.0275316113240971
218 176 -0.03513686963333327
219 176 -0.007605258309236165
133 177   0.0190131457730903
134 177 -0.007605258309236164
135 177 -0.03513686963333327
160 177   0.0190131457730903
161 177  0.04129741698614541
162 177  -0.1229790437166689
169 177  -0.0190131457730903
170 177 0.007605258309236164
175 177 -0.03802629154618248
176 177 -0.06882902831024357
177 177   0.4244551600333419
202 177  -0.0190131457730903
203 177  0.01140788746385413
211 177   0.0190131457730903
212 177   0.0275316113240971
213 177  -0.1229790437166689
217 177   0.0190131457730903
218 177 -0.01140788746385413
219 177 -0.03513686963333327
136 178 2.302975197545385e-06
139 178 4.090968550165735e-07
178 178 5.026770297397346e-05
181 178 2.507523625053671e-06
220 178 2.302975197545385e-06
137 179 2.302975197545385e-06
140 179 4.090968550165735e-07
179 179 5.026770297397346e-05
182 179 2.507523625053671e-06
221 179 2.302975197545385e-06
138 180 2.302975197545385e-06
141 180 4.090968550165735e-07
180 180 5.026770297397346e-05
183 180 2.507523625053671e-06
222 180 2.302975197545385e-06
139 181 2.507523625053672e-06
142 181 4.090968550165735e-07
178 181 2.507523625053671e-06
181 181 5.569184707909739e-05
184 181 2.507523625053671e-06
220 181 4.090968550165735e-07
223 181 2.507523625053672e-06
140 182 2.507523625053672e-06
143 182 4.090968550165735e-07
179 182 2.507523625053671e-06
182 182 5.569184707909739e-05
185 182 2.507523625053671e-06
221 182 4.090968550165735e-07
224 182 2.507523625053672e-06
141 183 2.507523625053672e-06
144 183 4.090968550165735e-07
180 183 2.507523625053671e-06
183 183 5.569184707909739e-05
186 183 2.507523625053671e-06
222 183 4.090968550165735e-07
225 183 2.507523625053672e-06
142 184 2.507523625053672e-06
145 184 4.090968550165736e-07
181 184 2.507523625053671e-06
184 184 5.569184707909739e-05
187 184 2.507523625053671e-06
223 184 4.090968550165735e-07
226 184 2.507523625053672e-06
143 185 2.507523625053672e-06
146 185 4.090968550165736e-07
182 185 2.507523625053671e-06
185 185 5.569184707909739e-05
188 185 2.507523625053671e-06
224 185 4.090968550165735e-07
227 185 2.507523625053672e-06
144 186 2.507523625053672e-06
147 186 4.090968550165736e-07
183 186 2.507523625053671e-06
186 186 5.569184707909739e-05
189 186 2.507523625053671e-06
225 186 4.090968550165735e-07
228 186 2.507523625053672e-06
145 187 2.50752362505367e-06
172 187 4.090968550165733e-07
184 187 2.507523625053671e-06
187 187 5.569184707909737e-05
214 187 2.507523625053669e-06
226 187 4.090968550165736e-07
229 187 2.50752362505367e-06
146 188 2.50752362505367e-06
173 188 4.090968550165733e-07
185 188 2.507523625053671e-06
188 188 5.569184707909737e-05
215 188 2.507523625053669e-06
227 188 4.090968550165736e-07
230 188 2.50752362505367e-06
147 189 2.50752362505367e-06
174 189 4.090968550165733e-07
186 189 2.507523625053671e-06
189 189 5.569184707909737e-05
216 189 2.507523625053669e-06
228 189 4.090968550165736e-07
231 189 2.50752362505367e-06
148 190 -0.02661840408232729
149 190 0.007605258309236164
150 190  0.01140788746385413
152 190 0.007605258309236164
153 190 -0.01901314577309029
190 190   0.1235105474313218
191 190 -0.01901314577309124
192 190 -0.01901314577309123
193 190 -0.03513686963333327
194 190 -0.007605258309236164
195 190  0.01901314577309029
232 190 -0.02661840408232729
233 190  0.01140788746385413
234 190 0.007605258309236164
148 191  0.01140788746385413
149 191 -0.007605258309236164
150 191 -0.01140788746385413
151 191  0.01140788746385413
153 191  0.01140788746385413
190 191 -0.01901314577309123
191 191   0.1733264299684771
192 191 -0.06882902831024353
193 191 -0.01140788746385413
194 191 -0.03513686963333327
195 191   0.0412974169861454
232 191 0.007605258309236165
233 191 -0.007605258309236164
234 191 -0.007605258309236165
148 192 0.007605258309236164
149 192 -0.007605258309236165
150 192 -0.007605258309236164
151 192 -0.01901314577309029
152 192 0.007605258309236165
190 192 -0.01901314577309123
191 192 -0.06882902831024353
192 192   0.1733264299684771
193 192  0.01901314577309029
194 192   0.0275316113240971
195 192  -0.1229790437166687
232 192  0.01140788746385413
233 192 -0.01140788746385413
234 192 -0.007605258309236164
151 193  -0.1229790437166685
152 193   0.0275316113240971
153 193  0.01901314577309029
155 193 0.007605258309236164
156 193 -0.01901314577309029
190 193 -0.03513686963333327
191 193 -0.01140788746385413
192 193  0.01901314577309029
193 193   0.4244551600333417
194 193 -0.06882902831024353
195 193 -0.03802629154618245
196 193 -0.03513686963333327
197 193 -0.007605258309236164
198 193  0.01901314577309029
233 193  0.01140788746385413
234 193 -0.01901314577309029
235 193  -0.1229790437166687
236 193   0.0412974169861454
237 193  0.01901314577309029
151 194   0.0412974169861454
152 194 -0.03513686963333327
153 194 -0.01140788746385413
154 194  0.01140788746385413
156 194  0.01140788746385413
190 194 -0.007605258309236164
191 194 -0.03513686963333327
192 194   0.0275316113240971
193 194 -0.06882902831024351
194 194   0.5193291452000027
195 194 -0.06882902831024353
196 194 -0.01140788746385413
197 194 -0.03513686963333327
198 194   0.0412974169861454
232 194 0.007605258309236165
234 194 0.007605258309236165
235 194   0.0275316113240971
236 194 -0.03513686963333327
237 194 -0.007605258309236165
151 195  0.01901314577309029
152 195 -0.007605258309236165
153 195 -0.03513686963333327
154 195 -0.01901314577309029
155 195 0.007605258309236165
190 195  0.01901314577309029
191 195   0.0412974169861454
192 195  -0.1229790437166687
193 195 -0.03802629154618245
194 195 -0.06882902831024353
195 195   0.4244551600333417
196 195  0.01901314577309029
197 195   0.0275316113240971
198 195  -0.1229790437166687
232 195 -0.01901314577309029
233 195  0.01140788746385413
235 195  0.01901314577309029
236 195 -0.01140788746385413
237 195 -0.03513686963333327
154 196  -0.1229790437166685
155 196   0.0275316113240971
156 196  0.01901314577309029
158 196 0.007605258309236165
159 196 -0.01901314577309029
193 196 -0.03513686963333327
194 196 -0.01140788746385413
195 196  0.01901314577309029
196 196   0.4244551600333417
197 196 -0.06882902831024353
198 196 -0.03802629154618245
199 196 -0.03513686963333327
200 196 -0.007605258309236165
201 196  0.01901314577309029
236 196  0.01140788746385413
237 196 -0.01901314577309029
238 196  -0.1229790437166687
239 196   0.0412974169861454
240 196  0.01901314577309029
154 197   0.0412974169861454
155 197 -0.03513686963333327
156 197 -0.01140788746385413
157 197  0.01140788746385413
159 197  0.01140788746385413
193 197 -0.007605258309236164
194 197 -0.03513686963333327
195 197   0.0275316113240971
196 197 -0.06882902831024353
197 197   0.5193291452000027
198 197 -0.06882902831024353
199 197 -0.01140788746385413
200 197 -0.03513686963333327
201 197   0.0412974169861454
235 197 0.007605258309236165
237 197 0.007605258309236165
238 197   0.0275316113240971
239 197 -0.03513686963333327
240 197 -0.007605258309236164
154 198  0.01901314577309029
155 198 -0.007605258309236165
156 198 -0.03513686963333327
157 198 -0.01901314577309029
158 198 0.007605258309236165
193 198  0.01901314577309029
194 198   0.0412974169861454
195 198  -0.1229790437166687
196 198 -0.03802629154618245
197 198 -0.06882902831024353
198 198   0.4244551600333417
199 198  0.01901314577309029
200 198   0.0275316113240971
201 198  -0.1229790437166685
235 198 -0.01901314577309029
236 198  0.01140788746385413
238 198  0.01901314577309029
239 198 -0.01140788746385413
240 198 -0.03513686963333327
157 199  -0.1229790437166687
158 199   0.0275316113240971
159 199   0.0190131457730903
161 199 0.007605258309236164
162 199  -0.0190131457730903
196 199 -0.03513686963333327
197 199 -0.01140788746385413
198 199  0.01901314577309029
199 199   0.4244551600333417
200 199 -0.06882902831024353
201 199 -0.03802629154618246
202 199 -0.03513686963333327
203 199 -0.007605258309236164
204 199  0.01901314577309029
239 199  0.01140788746385413
240 199 -0.01901314577309029
241 199  -0.1229790437166687
242 199   0.0412974169861454
243 199  0.01901314577309029
157 200   0.0412974169861454
158 200 -0.03513686963333327
159 200 -0.01140788746385413
160 200  0.01140788746385413
162 200  0.01140788746385413
196 200 -0.007605258309236165
197 200 -0.03513686963333327
198 200   0.0275316113240971
199 200 -0.06882902831024351
200 200   0.5193291452000027
201 200 -0.06882902831024353
202 200 -0.01140788746385413
203 200 -0.03513686963333327
204 200   0.0412974169861454
238 200 0.007605258309236165
240 200 0.007605258309236164
241 200   0.0275316113240971
242 200 -0.03513686963333327
243 200 -0.007605258309236164
157 201  0.01901314577309029
158 201 -0.007605258309236165
159 201 -0.03513686963333327
160 201  -0.0190131457730903
161 201 0.007605258309236165
196 201  0.01901314577309029
197 201   0.0412974169861454
198 201  -0.1229790437166685
199 201 -0.03802629154618246
200 201 -0.06882902831024353
201 201   0.4244551600333416
202 201   0.0190131457730903
203 201   0.0275316113240971
204 201  -0.1229790437166688
238 201 -0.01901314577309029
239 201  0.01140788746385413
241 201   0.0190131457730903
242 201 -0.01140788746385413
243 201 -0.03513686963333327
160 202  -0.1229790437166685
161 202   0.0275316113240971
162 202   0.0190131457730903
176 202 0.007605258309236164
177 202  -0.0190131457730903
199 202 -0.03513686963333327
200 202 -0.01140788746385413
201 202   0.0190131457730903
202 202   0.4244551600333412
203 202 -0.06882902831024353
204 202 -0.03802629154618247
217 202 -0.03513686963333327
218 202 -0.007605258309236164
219 202  0.01901314577309029
242 202  0.01140788746385413
243 202 -0.01901314577309029
244 202  -0.1229790437166682
245 202   0.0412974169861454
246 202  0.01901314577309029
160 203   0.0412974169861454
161 203 -0.03513686963333327
162 203 -0.01140788746385413
175 203  0.01140788746385413
177 203  0.01140788746385413
199 203 -0.007605258309236164
200 203 -0.03513686963333327
201 203   0.0275316113240971
202 203 -0.06882902831024351
203 203   0.5193291452000027
204 203 -0.06882902831024353
217 203 -0.01140788746385413
218 203 -0.03513686963333327
219 203   0.0412974169861454
241 203 0.007605258309236164
243 203 0.007605258309236164
244 203   0.0275316113240971
245 203 -0.03513686963333326
246 203 -0.007605258309236164
160 204   0.0190131457730903
161 204 -0.007605258309236165
162 204 -0.03513686963333327
175 204  -0.0190131457730903
176 204 0.007605258309236165
199 204   0.0190131457730903
200 204   0.0412974169861454
201 204  -0.1229790437166688
202 204 -0.03802629154618246
203 204 -0.06882902831024353
204 204   0.4244551600333419
217 204   0.0190131457730903
218 204   0.0275316113240971
219 204  -0.1229790437166688
241 204  -0.0190131457730903
242 204  0.01140788746385413
244 204   0.0190131457730903
245 204 -0.01140788746385413
246 204 -0.03513686963333326
163 205 2.507523625053672e-06
172 205 2.507523625053671e-06
205 205 5.569184707909739e-05
208 205 4.090968550165735e-07
214 205 4.090968550165733e-07
247 205 2.50752362505367e-06
250 205 2.507523625053671e-06
164 206 2.507523625053672e-06
173 206 2.507523625053671e-06
206 206 5.569184707909739e-05
209 206 4.090968550165735e-07
215 206 4.090968550165733e-07
248 206 2.50752362505367e-06
251 206 2.507523625053671e-06
165 207 2.507523625053672e-06
174 207 2.507523625053671e-06
207 207 5.569184707909739e-05
210 207 4.090968550165735e-07
216 207 4.090968550165733e-07
249 207 2.50752362505367e-06
252 207 2.507523625053671e-06
163 208 2.507523625053669e-06
166 208 2.045484275082869e-07
205 208 4.090968550165735e-07
208 208 5.42414410512392e-06
250 208 2.045484275082869e-07
164 209 2.507523625053669e-06
167 209 2.045484275082869e-07
206 209 4.090968550165735e-07
209 209 5.42414410512392e-06
251 209 2.045484275082869e-07
165 210 2.507523625053669e-06
168 210 2.045484275082869e-07
207 210 4.090968550165735e-07
210 210 5.42414410512392e-06
252 210 2.045484275082869e-07
169 211 -0.09636063963434149
170 211  0.01992635301486094
171 211 0.007605258309236164
175 211 -0.03513686963333327
176 211 -0.01140788746385413
177 211   0.0190131457730903
211 211   0.3009446126020198
212 211 -0.04981588253715229
213 211 -0.01901314577309124
218 211  0.01140788746385413
219 211  -0.0190131457730903
253 211 -0.09636063963434124
254 211  0.02988952952229128
255 211  0.01140788746385413
169 212  0.02988952952229128
170 212  -0.0275316113240971
175 212 -0.007605258309236164
176 212 -0.03513686963333327
177 212   0.0275316113240971
211 212 -0.04981588253715229
212 212   0.3460027152315256
217 212 0.007605258309236164
219 212 0.007605258309236165
253 212  0.01992635301486094
254 212  -0.0275316113240971
169 213  0.01140788746385413
171 213  -0.0275316113240971
175 213   0.0190131457730903
176 213  0.04129741698614541
177 213  -0.1229790437166689
211 213 -0.01901314577309124
213 213   0.2511287300648649
217 213  -0.0190131457730903
218 213  0.01140788746385413
253 213 0.007605258309236164
255 213  -0.0275316113240971
172 214 2.50752362505367e-06
187 214 2.507523625053669e-06
205 214 4.090968550165733e-07
214 214 5.569184707909737e-05
229 214 4.090968550165733e-07
247 214 2.507523625053669e-06
256 214 2.50752362505367e-06
173 215 2.50752362505367e-06
188 215 2.507523625053669e-06
206 215 4.090968550165733e-07
215 215 5.569184707909737e-05
230 215 4.090968550165733e-07
248 215 2.507523625053669e-06
257 215 2.50752362505367e-06
174 216 2.50752362505367e-06
189 216 2.507523625053669e-06
207 216 4.090968550165733e-07
216 216 5.569184707909737e-05
231 216 4.090968550165733e-07
249 216 2.507523625053669e-06
258 216 2.50752362505367e-06
175 217  -0.1229790437166685
176 217   0.0275316113240971
177 217   0.0190131457730903
202 217 -0.03513686963333327
203 217 -0.01140788746385413
204 217   0.0190131457730903
212 217 0.007605258309236164
213 217  -0.0190131457730903
217 217   0.4244551600333412
218 217 -0.06882902831024353
219 217 -0.03802629154618247
245 217  0.01140788746385413
246 217 -0.01901314577309029
253 217 -0.03513686963333327
254 217 -0.007605258309236164
255 217  0.01901314577309029
259 217  -0.1229790437166682
260 217   0.0412974169861454
261 217  0.01901314577309029
175 218   0.0412974169861454
176 218 -0.03513686963333327
177 218 -0.01140788746385413
202 218 -0.007605258309236164
203 218 -0.03513686963333327
204 218   0.0275316113240971
211 218  0.01140788746385413
213 218  0.01140788746385413
217 218 -0.06882902831024351
218 218   0.5193291452000027
219 218 -0.06882902831024353
244 218 0.007605258309236164
246 218 0.007605258309236164
253 218 -0.01140788746385413
254 218 -0.03513686963333327
255 218   0.0412974169861454
259 218   0.0275316113240971
260 218 -0.03513686963333326
261 218 -0.007605258309236164
175 219   0.0190131457730903
176 219 -0.007605258309236165
177 219 -0.03513686963333327
202 219   0.0190131457730903
203 219   0.0412974169861454
204 219  -0.1229790437166688
211 219  -0.0190131457730903
212 219 0.007605258309236165
217 219 -0.03802629154618246
218 219 -0.06882902831024353
219 219   0.4244551600333419
244 219  -0.0190131457730903
245 219  0.01140788746385413
253 219   0.0190131457730903
254 219   0.0275316113240971
255 219  -0.1229790437166688
259 219   0.0190131457730903
260 219 -0.01140788746385413
261 219 -0.03513686963333326
178 220 2.302975197545385e-06
181 220 4.090968550165735e-07
220 220 4.56617525788827e-05
223 220 2.302975197545384e-06
179 221 2.302975197545385e-06
182 221 4.090968550165735e-07
221 221 4.56617525788827e-05
224 221 2.302975197545384e-06
180 222 2.302975197545385e-06
183 222 4.090968550165735e-07
222 222 4.56617525788827e-05
225 222 2.302975197545384e-06
181 223 2.507523625053672e-06
184 223 4.090968550165735e-07
220 223 2.302975197545384e-06
223 223 5.026770297397346e-05
226 223 2.302975197545384e-06
182 224 2.507523625053672e-06
185 224 4.090968550165735e-07
221 224 2.302975197545384e-06
224 224 5.026770297397346e-05
227 224 2.302975197545384e-06
183 225 2.507523625053672e-06
186 225 4.090968550165735e-07
222 225 2.302975197545384e-06
225 225 5.026770297397346e-05
228 225 2.302975197545384e-06
184 226 2.507523625053672e-06
187 226 4.090968550165736e-07
223 226 2.302975197545384e-06
226 226 5.026770297397347e-05
229 226 2.302975197545384e-06
185 227 2.507523625053672e-06
188 227 4.090968550165736e-07
224 227 2.302975197545384e-06
227 227 5.026770297397347e-05
230 227 2.302975197545384e-06
186 228 2.507523625053672e-06
189 228 4.090968550165736e-07
225 228 2.302975197545384e-06
228 228 5.026770297397347e-05
231 228 2.302975197545384e-06
187 229 2.50752362505367e-06
214 229 4.090968550165733e-07
226 229 2.302975197545384e-06
229 229 5.026770297397344e-05
256 229 2.302975197545383e-06
188 230 2.50752362505367e-06
215 230 4.090968550165733e-07
227 230 2.302975197545384e-06
230 230 5.026770297397344e-05
257 230 2.302975197545383e-06
189 231 2.50752362505367e-06
216 231 4.090968550165733e-07
228 231 2.302975197545384e-06
231 231 5.026770297397344e-05
258 231 2.302975197545383e-06
190 232 -0.02661840408232729
191 232 0.007605258309236165
192 232  0.01140788746385413
194 232 0.007605258309236165
195 232 -0.01901314577309029
232 232   0.1235105474313218
233 232 -0.01901314577309124
234 232 -0.01901314577309123
235 232 -0.03513686963333327
236 232 -0.007605258309236165
237 232  0.01901314577309029
262 232 -0.02661840408232729
263 232  0.01140788746385413
264 232 0.007605258309236164
190 233  0.01140788746385413
191 233 -0.007605258309236164
192 233 -0.01140788746385413
193 233  0.01140788746385413
195 233  0.01140788746385413
232 233 -0.01901314577309124
233 233   0.1733264299684771
234 233 -0.06882902831024353
235 233 -0.01140788746385413
236 233 -0.03513686963333327
237 233   0.0412974169861454
262 233 0.007605258309236165
263 233 -0.007605258309236164
264 233 -0.007605258309236165
190 234 0.007605258309236164
191 234 -0.007605258309236165
192 234 -0.007605258309236164
193 234 -0.01901314577309029
194 234 0.007605258309236165
232 234 -0.01901314577309123
233 234 -0.06882902831024353
234 234   0.1733264299684771
235 234  0.01901314577309029
236 234   0.0275316113240971
237 234  -0.1229790437166687
262 234  0.01140788746385413
263 234 -0.01140788746385413
264 234 -0.007605258309236164
193 235  -0.1229790437166687
194 235   0.0275316113240971
195 235  0.01901314577309029
197 235 0.007605258309236165
198 235 -0.01901314577309029
232 235 -0.03513686963333327
233 235 -0.01140788746385413
234 235  0.01901314577309029
235 235   0.4244551600333417
236 235 -0.06882902831024353
237 235 -0.03802629154618246
238 235 -0.03513686963333327
239 235 -0.007605258309236165
240 235  0.01901314577309029
263 235  0.01140788746385413
264 235 -0.01901314577309029
265 235  -0.1229790437166687
266 235   0.0412974169861454
267 235  0.01901314577309029
193 236   0.0412974169861454
194 236 -0.03513686963333327
195 236 -0.01140788746385413
196 236  0.01140788746385413
198 236  0.01140788746385413
232 236 -0.007605258309236165
233 236 -0.03513686963333327
234 236   0.0275316113240971
235 236 -0.06882902831024353
236 236   0.5193291452000027
237 236 -0.06882902831024353
238 236 -0.01140788746385413
239 236 -0.03513686963333327
240 236   0.0412974169861454
262 236 0.007605258309236165
264 236 0.007605258309236165
265 236   0.0275316113240971
266 236 -0.03513686963333327
267 236 -0.007605258309236165
193 237  0.01901314577309029
194 237 -0.007605258309236165
195 237 -0.03513686963333327
196 237 -0.01901314577309029
197 237 0.007605258309236165
232 237  0.01901314577309029
233 237   0.0412974169861454
234 237  -0.1229790437166687
235 237 -0.03802629154618246
236 237 -0.06882902831024353
237 237   0.4244551600333417
238 237  0.01901314577309029
239 237   0.0275316113240971
240 237  -0.1229790437166687
262 237 -0.01901314577309029
263 237  0.01140788746385413
265 237  0.01901314577309029
266 237 -0.01140788746385413
267 237 -0.03513686963333327
196 238  -0.1229790437166687
197 238   0.0275316113240971
198 238  0.01901314577309029
200 238 0.007605258309236165
201 238 -0.01901314577309029
235 238 -0.03513686963333327
236 238 -0.01140788746385413
237 238  0.01901314577309029
238 238   0.4244551600333417
239 238 -0.06882902831024353
240 238 -0.03802629154618245
241 238 -0.03513686963333327
242 238 -0.007605258309236165
243 238  0.01901314577309029
266 238  0.01140788746385413
267 238 -0.01901314577309029
268 238  -0.1229790437166687
269 238   0.0412974169861454
270 238  0.01901314577309029
196 239   0.0412974169861454
197 239 -0.03513686963333327
198 239 -0.01140788746385413
199 239  0.01140788746385413
201 239  0.01140788746385413
235 239 -0.007605258309236165
236 239 -0.03513686963333327
237 239   0.0275316113240971
238 239 -0.06882902831024353
239 239   0.5193291452000027
240 239 -0.06882902831024351
241 239 -0.01140788746385413
242 239 -0.03513686963333327
243 239   0.0412974169861454
265 239 0.007605258309236165
267 239 0.007605258309236165
268 239   0.0275316113240971
269 239 -0.03513686963333327
270 239 -0.007605258309236164
196 240  0.01901314577309029
197 240 -0.007605258309236164
198 240 -0.03513686963333327
199 240 -0.01901314577309029
200 240 0.007605258309236164
235 240  0.01901314577309029
236 240   0.0412974169861454
237 240  -0.1229790437166687
238 240 -0.03802629154618245
239 240 -0.06882902831024353
240 240   0.4244551600333417
241 240  0.01901314577309029
242 240   0.0275316113240971
243 240  -0.1229790437166685
265 240 -0.01901314577309029
266 240  0.01140788746385413
268 240  0.01901314577309029
269 240 -0.01140788746385413
270 240 -0.03513686963333327
199 241  -0.1229790437166687
200 241   0.0275316113240971
201 241  0.01901314577309029
203 241 0.007605258309236164
204 241 -0.01901314577309029
238 241 -0.03513686963333327
239 241 -0.01140788746385413
240 241  0.01901314577309029
241 241   0.4244551600333417
242 241 -0.06882902831024351
243 241 -0.03802629154618245
244 241 -0.03513686963333327
245 241 -0.007605258309236164
246 241  0.01901314577309029
269 241  0.01140788746385413
270 241 -0.01901314577309029
271 241  -0.1229790437166687
272 241   0.0412974169861454
273 241  0.01901314577309029
199 242   0.0412974169861454
200 242 -0.03513686963333327
201 242 -0.01140788746385413
202 242  0.01140788746385413
204 242  0.01140788746385413
238 242 -0.007605258309236165
239 242 -0.03513686963333327
240 242   0.0275316113240971
241 242 -0.06882902831024351
242 242   0.5193291452000027
243 242 -0.06882902831024353
244 242 -0.01140788746385413
245 242 -0.03513686963333327
246 242   0.0412974169861454
268 242 0.007605258309236165
270 242 0.007605258309236164
271 242   0.0275316113240971
272 242 -0.03513686963333327
273 242 -0.007605258309236164
199 243  0.01901314577309029
200 243 -0.007605258309236164
201 243 -0.03513686963333327
202 243  -0.0190131457730903
203 243 0.007605258309236164
238 243  0.01901314577309029
239 243   0.0412974169861454
240 243  -0.1229790437166685
241 243 -0.03802629154618245
242 243 -0.06882902831024353
243 243   0.4244551600333415
244 243   0.0190131457730903
245 243   0.0275316113240971
246 243  -0.1229790437166688
268 243 -0.01901314577309029
269 243  0.01140788746385413
271 243   0.0190131457730903
272 243 -0.01140788746385413
273 243 -0.03513686963333327
202 244  -0.1229790437166682
203 244   0.0275316113240971
204 244  0.01901314577309029
218 244 0.007605258309236164
219 244 -0.01901314577309029
241 244 -0.03513686963333327
242 244 -0.01140788746385413
243 244  0.01901314577309029
244 244   0.4244551600333412
245 244 -0.06882902831024351
246 244 -0.03802629154618246
259 244 -0.03513686963333327
260 244 -0.007605258309236164
261 244  0.01901314577309029
272 244  0.01140788746385413
273 244 -0.01901314577309029
274 244  -0.1229790437166682
275 244   0.0412974169861454
276 244  0.01901314577309029
202 245   0.0412974169861454
203 245 -0.03513686963333326
204 245 -0.01140788746385413
217 245  0.01140788746385413
219 245  0.01140788746385413
241 245 -0.007605258309236164
242 245 -0.03513686963333327
243 245   0.0275316113240971
244 245 -0.06882902831024351
245 245   0.5193291452000027
246 245 -0.06882902831024353
259 245 -0.01140788746385413
260 245 -0.03513686963333327
261 245   0.0412974169861454
271 245 0.007605258309236164
273 245 0.007605258309236164
274 245   0.0275316113240971
275 245 -0.03513686963333326
276 245 -0.007605258309236164
202 246   0.0190131457730903
203 246 -0.007605258309236164
204 246 -0.03513686963333326
217 246  -0.0190131457730903
218 246 0.007605258309236164
241 246   0.0190131457730903
242 246   0.0412974169861454
243 246  -0.1229790437166688
244 246 -0.03802629154618246
245 246 -0.06882902831024353
246 246   0.4244551600333419
259 246   0.0190131457730903
260 246   0.0275316113240971
261 246  -0.1229790437166688
271 246  -0.0190131457730903
272 246  0.01140788746385413
274 246   0.0190131457730903
275 246 -0.01140788746385413
276 246 -0.03513686963333326
205 247 2.50752362505367e-06
214 247 2.507523625053669e-06
247 247 5.569184707909737e-05
250 247 4.090968550165733e-07
256 247 4.090968550165733e-07
277 247 2.50752362505367e-06
280 247 2.507523625053669e-06
206 248 2.50752362505367e-06
215 248 2.507523625053669e-06
248 248 5.569184707909737e-05
251 248 4.090968550165733e-07
257 248 4.090968550165733e-07
278 248 2.50752362505367e-06
281 248 2.507523625053669e-06
207 249 2.50752362505367e-06
216 249 2.507523625053669e-06
249 249 5.569184707909737e-05
252 249 4.090968550165733e-07
258 249 4.090968550165733e-07
279 249 2.50752362505367e-06
282 249 2.507523625053669e-06
205 250 2.507523625053671e-06
208 250 2.045484275082869e-07
247 250 4.090968550165733e-07
250 250 5.424144105123919e-06
280 250 2.045484275082869e-07
206 251 2.507523625053671e-06
209 251 2.045484275082869e-07
248 251 4.090968550165733e-07
251 251 5.424144105123919e-06
281 251 2.045484275082869e-07
207 252 2.507523625053671e-06
210 252 2.045484275082869e-07
249 252 4.090968550165733e-07
252 252 5.424144105123919e-06
282 252 2.045484275082869e-07
211 253 -0.09636063963434124
212 253  0.01992635301486094
213 253 0.007605258309236164
217 253 -0.03513686963333327
218 253 -0.01140788746385413
219 253   0.0190131457730903
253 253   0.3009446126020195
254 253 -0.04981588253715229
255 253 -0.01901314577309124
260 253  0.01140788746385413
261 253 -0.01901314577309029
283 253  -0.0963606396343409
284 253  0.02988952952229128
285 253  0.01140788746385413
211 254  0.02988952952229128
212 254  -0.0275316113240971
217 254 -0.007605258309236164
218 254 -0.03513686963333327
219 254   0.0275316113240971
253 254 -0.04981588253715229
254 254   0.3460027152315256
259 254 0.007605258309236164
261 254 0.007605258309236164
283 254  0.01992635301486094
284 254  -0.0275316113240971
211 255  0.01140788746385413
213 255  -0.0275316113240971
217 255   0.0190131457730903
218 255   0.0412974169861454
219 255  -0.1229790437166688
253 255 -0.01901314577309123
255 255   0.2511287300648648
259 255  -0.0190131457730903
260 255  0.01140788746385413
283 255 0.007605258309236164
285 255  -0.0275316113240971
214 256 2.50752362505367e-06
229 256 2.302975197545383e-06
247 256 4.090968550165733e-07
256 256 5.026770297397344e-05
277 256 2.302975197545383e-06
215 257 2.50752362505367e-06
230 257 2.302975197545383e-06
248 257 4.090968550165733e-07
257 257 5.026770297397344e-05
278 257 2.302975197545383e-06
216 258 2.50752362505367e-06
231 258 2.302975197545383e-06
249 258 4.090968550165733e-07
258 258 5.026770297397344e-05
279 258 2.302975197545383e-06
217 259  -0.1229790437166682
218 259   0.0275316113240971
219 259  0.01901314577309029
244 259 -0.03513686963333327
245 259 -0.01140788746385413
246 259  0.01901314577309029
254 259 0.007605258309236164
255 259 -0.01901314577309029
259 259   0.4244551600333412
260 259 -0.06882902831024351
261 259 -0.03802629154618246
275 259  0.01140788746385413
276 259 -0.01901314577309029
283 259 -0.03513686963333327
284 259 -0.007605258309236164
285 259  0.01901314577309029
286 259  -0.1229790437166682
287 259   0.0412974169861454
288 259  0.01901314577309029
217 260   0.0412974169861454
218 260 -0.03513686963333326
219 260 -0.01140788746385413
244 260 -0.007605258309236164
245 260 -0.03513686963333327
246 260   0.0275316113240971
253 260  0.01140788746385413
255 260  0.01140788746385413
259 260 -0.06882902831024351
260 260   0.5193291452000027
261 260 -0.06882902831024353
274 260 0.007605258309236164
276 260 0.007605258309236164
283 260 -0.01140788746385413
284 260 -0.03513686963333327
285 260   0.0412974169861454
286 260   0.0275316113240971
287 260 -0.03513686963333326
288 260 -0.007605258309236164
217 261   0.0190131457730903
218 261 -0.007605258309236164
219 261 -0.03513686963333326
244 261   0.0190131457730903
245 261   0.0412974169861454
246 261  -0.1229790437166688
253 261  -0.0190131457730903
254 261 0.007605258309236164
259 261 -0.03802629154618246
260 261 -0.06882902831024353
261 261   0.4244551600333419
274 261  -0.0190131457730903
275 261  0.01140788746385413
283 261   0.0190131457730903
284 261   0.0275316113240971
285 261  -0.1229790437166688
286 261   0.0190131457730903
287 261 -0.01140788746385413
288 261 -0.03513686963333326
232 262 -0.02661840408232729
233 262 0.007605258309236165
234 262  0.01140788746385413
236 262 0.007605258309236165
237 262 -0.01901314577309029
262 262  0.04943417901003612
263 262 -0.01901314577309124
265 262 -0.007605258309236164
266 262 -0.007605258309236165
267 262 0.007605258309236164
232 263  0.01140788746385413
233 263 -0.007605258309236164
234 263 -0.01140788746385413
235 263  0.01140788746385413
237 263  0.01140788746385413
262 263 -0.01901314577309124
263 263  0.06844732478312759
264 263 -0.01901314577309124
265 263 -0.01140788746385413
266 263 -0.007605258309236164
267 263  0.01140788746385413
232 264 0.007605258309236164
233 264 -0.007605258309236165
234 264 -0.007605258309236164
235 264 -0.01901314577309029
236 264 0.007605258309236165
263 264 -0.01901314577309124
264 264  0.04943417901003612
265 264  0.01140788746385413
266 264 0.007605258309236165
267 264 -0.02661840408232729
235 265  -0.1229790437166687
236 265   0.0275316113240971
237 265  0.01901314577309029
239 265 0.007605258309236165
240 265 -0.01901314577309029
262 265 -0.007605258309236164
263 265 -0.01140788746385413
264 265  0.01140788746385413
265 265   0.1733264299684771
266 265 -0.06882902831024353
267 265 -0.01901314577309123
268 265 -0.007605258309236164
269 265 -0.007605258309236165
270 265 0.007605258309236164
235 266   0.0412974169861454
236 266 -0.03513686963333327
237 266 -0.01140788746385413
238 266  0.01140788746385413
240 266  0.01140788746385413
262 266 -0.007605258309236165
263 266 -0.007605258309236164
264 266 0.007605258309236165
265 266 -0.06882902831024353
266 266   0.1733264299684771
267 266 -0.01901314577309124
268 266 -0.01140788746385413
269 266 -0.007605258309236164
270 266  0.01140788746385413
235 267  0.01901314577309029
236 267 -0.007605258309236165
237 267 -0.03513686963333327
238 267 -0.01901314577309029
239 267 0.007605258309236165
262 267 0.007605258309236164
263 267  0.01140788746385413
264 267 -0.02661840408232729
265 267 -0.01901314577309123
266 267 -0.01901314577309124
267 267   0.1235105474313218
268 267  0.01140788746385413
269 267 0.007605258309236165
270 267 -0.02661840408232729
238 268  -0.1229790437166687
239 268   0.0275316113240971
240 268  0.01901314577309029
242 268 0.007605258309236165
243 268 -0.01901314577309029
265 268 -0.007605258309236164
266 268 -0.01140788746385413
267 268  0.01140788746385413
268 268   0.1733264299684771
269 268 -0.06882902831024353
270 268 -0.01901314577309123
271 268 -0.007605258309236164
272 268 -0.007605258309236165
273 268 0.007605258309236164
238 269   0.0412974169861454
239 269 -0.03513686963333327
240 269 -0.01140788746385413
241 269  0.01140788746385413
243 269  0.01140788746385413
265 269 -0.007605258309236165
266 269 -0.007605258309236164
267 269 0.007605258309236165
268 269 -0.06882902831024353
269 269   0.1733264299684771
270 269 -0.01901314577309123
271 269 -0.01140788746385413
272 269 -0.007605258309236164
273 269  0.01140788746385413
238 270  0.01901314577309029
239 270 -0.007605258309236164
240 270 -0.03513686963333327
241 270 -0.01901314577309029
242 270 0.007605258309236164
265 270 0.007605258309236164
266 270  0.01140788746385413
267 270 -0.02661840408232729
268 270 -0.01901314577309123
269 270 -0.01901314577309124
270 270   0.1235105474313218
271 270  0.01140788746385413
272 270 0.007605258309236164
273 270 -0.02661840408232729
241 271  -0.1229790437166687
242 271   0.0275316113240971
243 271  0.01901314577309029
245 271 0.007605258309236164
246 271 -0.01901314577309029
268 271 -0.007605258309236164
269 271 -0.01140788746385413
270 271  0.01140788746385413
271 271   0.1733264299684771
272 271 -0.06882902831024351
273 271 -0.01901314577309123
274 271 -0.007605258309236164
275 271 -0.007605258309236164
276 271 0.007605258309236164
241 272   0.0412974169861454
242 272 -0.03513686963333327
243 272 -0.01140788746385413
244 272  0.01140788746385413
246 272  0.01140788746385413
268 272 -0.007605258309236165
269 272 -0.007605258309236164
270 272 0.007605258309236164
271 272 -0.06882902831024351
272 272   0.1733264299684771
273 272 -0.01901314577309124
274 272 -0.01140788746385413
275 272 -0.007605258309236164
276 272  0.01140788746385413
241 273  0.01901314577309029
242 273 -0.007605258309236164
243 273 -0.03513686963333327
244 273  -0.0190131457730903
245 273 0.007605258309236164
268 273 0.007605258309236164
269 273  0.01140788746385413
270 273 -0.02661840408232729
271 273 -0.01901314577309123
272 273 -0.01901314577309124
273 273   0.1235105474313218
274 273  0.01140788746385413
275 273 0.007605258309236164
276 273  -0.0266184040823273
244 274  -0.1229790437166682
245 274   0.0275316113240971
246 274  0.01901314577309029
260 274 0.007605258309236164
261 274 -0.01901314577309029
271 274 -0.007605258309236164
272 274 -0.01140788746385413
273 274  0.01140788746385413
274 274   0.1733264299684771
275 274 -0.06882902831024351
276 274 -0.01901314577309123
286 274 -0.007605258309236164
287 274 -0.007605258309236164
288 274 0.007605258309236164
244 275   0.0412974169861454
245 275 -0.03513686963333326
246 275 -0.01140788746385413
259 275  0.01140788746385413
261 275  0.01140788746385413
271 275 -0.007605258309236164
272 275 -0.007605258309236164
273 275 0.007605258309236164
274 275 -0.06882902831024351
275 275   0.1733264299684771
276 275 -0.01901314577309124
286 275 -0.01140788746385413
287 275 -0.007605258309236164
288 275  0.01140788746385413
244 276   0.0190131457730903
245 276 -0.007605258309236164
246 276 -0.03513686963333326
259 276  -0.0190131457730903
260 276 0.007605258309236164
271 276 0.007605258309236164
272 276  0.01140788746385413
273 276  -0.0266184040823273
274 276 -0.01901314577309123
275 276 -0.01901314577309124
276 276   0.1235105474313218
286 276  0.01140788746385413
287 276 0.007605258309236164
288 276  -0.0266184040823273
247 277 2.50752362505367e-06
256 277 2.302975197545383e-06
277 277 5.026770297397344e-05
280 277 4.090968550165733e-07
289 277 2.302975197545383e-06
248 278 2.50752362505367e-06
257 278 2.302975197545383e-06
278 278 5.026770297397344e-05
281 278 4.090968550165733e-07
290 278 2.302975197545383e-06
249 279 2.50752362505367e-06
258 279 2.302975197545383e-06
279 279 5.026770297397344e-05
282 279 4.090968550165733e-07
291 279 2.302975197545383e-06
247 280 2.507523625053669e-06
250 280 2.045484275082869e-07
277 280 4.090968550165733e-07
280 280 5.424144105123919e-06
289 280 2.045484275082869e-07
248 281 2.507523625053669e-06
251 281 2.045484275082869e-07
278 281 4.090968550165733e-07
281 281 5.424144105123919e-06
290 281 2.045484275082869e-07
249 282 2.507523625053669e-06
252 282 2.045484275082869e-07
279 282 4.090968550165733e-07
282 282 5.424144105123919e-06
291 282 2.045484275082869e-07
253 283  -0.0963606396343409
254 283  0.01992635301486094
255 283 0.007605258309236164
259 283 -0.03513686963333327
260 283 -0.01140788746385413
261 283  0.01901314577309029
283 283   0.3009446126020195
284 283 -0.04981588253715229
285 283 -0.01901314577309123
287 283  0.01140788746385413
288 283 -0.01901314577309029
292 283  -0.0963606396343409
293 283  0.02988952952229128
294 283  0.01140788746385413
253 284  0.02988952952229128
254 284  -0.0275316113240971
259 284 -0.007605258309236164
260 284 -0.03513686963333327
261 284   0.0275316113240971
283 284 -0.04981588253715229
284 284   0.3460027152315256
286 284 0.007605258309236164
288 284 0.007605258309236164
292 284  0.01992635301486094
293 284  -0.0275316113240971
253 285  0.01140788746385413
255 285  -0.0275316113240971
259 285   0.0190131457730903
260 285   0.0412974169861454
261 285  -0.1229790437166688
283 285 -0.01901314577309123
285 285   0.2511287300648648
286 285  -0.0190131457730903
287 285  0.01140788746385413
292 285 0.007605258309236164
294 285  -0.0275316113240971
259 286  -0.1229790437166682
260 286   0.0275316113240971
261 286  0.01901314577309029
274 286 -0.007605258309236164
275 286 -0.01140788746385413
276 286  0.01140788746385413
284 286 0.007605258309236164
285 286 -0.01901314577309029
286 286   0.1733264299684771
287 286 -0.06882902831024351
288 286 -0.01901314577309123
292 286 -0.007605258309236164
293 286 -0.007605258309236164
294 286 0.007605258309236164
259 287   0.0412974169861454
260 287 -0.03513686963333326
261 287 -0.01140788746385413
274 287 -0.007605258309236164
275 287 -0.007605258309236164
276 287 0.007605258309236164
283 287  0.01140788746385413
285 287  0.01140788746385413
286 287 -0.06882902831024351
287 287   0.1733264299684771
288 287 -0.01901314577309124
292 287 -0.01140788746385413
293 287 -0.007605258309236164
294 287  0.01140788746385413
259 288   0.0190131457730903
260 288 -0.007605258309236164
261 288 -0.03513686963333326
274 288 0.007605258309236164
275 288  0.01140788746385413
276 288  -0.0266184040823273
283 288  -0.0190131457730903
284 288 0.007605258309236164
286 288 -0.01901314577309123
287 288 -0.01901314577309124
288 288   0.1235105474313218
292 288  0.01140788746385413
293 288 0.007605258309236164
294 288  -0.0266184040823273
277 289 2.302975197545383e-06
280 289 2.045484275082869e-07
289 289 4.605950395090772e-06
278 290 2.302975197545383e-06
281 290 2.045484275082869e-07
290 290 4.605950395090772e-06
279 291 2.302975197545383e-06
282 291 2.045484275082869e-07
291 291 4.605950395090772e-06
283 292  -0.0963606396343409
284 292  0.01992635301486094
285 292 0.007605258309236164
286 292 -0.007605258309236164
287 292 -0.01140788746385413
288 292  0.01140788746385413
292 292    0.123892250958441
293 292 -0.04981588253715229
294 292 -0.01901314577309123
283 293  0.02988952952229128
284 293  -0.0275316113240971
286 293 -0.007605258309236164
287 293 -0.007605258309236164
288 293 0.007605258309236164
292 293 -0.04981588253715229
293 293   0.1048791051853495
283 294  0.01140788746385413
285 294  -0.0275316113240971
286 294 0.007605258309236164
287 294  0.01140788746385413
288 294  -0.0266184040823273
292 294 -0.01901314577309123
294 294  0.07407636842128568
