 0.00000000e+00 -0.00000000e+00 0.00000000e+00
 -1.32889948e-02 -2.73132823e-02 -9.29851979e-05
 -3.67003532e-02 -7.58574376e-02 5.43459226e-04
 -6.95530119e-02 -1.43542007e-01 3.20200619e-03
 -1.11370486e-01 -2.27552704e-01 9.55868528e-03
 -1.61556108e-01 -3.23826261e-01 2.13949389e-02
 -2.19819745e-01 -4.26967104e-01 4.04867889e-02
 -2.85087704e-01 -5.30584412e-01 6.79270937e-02
 -3.55973219e-01 -6.28700131e-01 1.03908329e-01
 -4.31189325e-01 -7.17140151e-01 1.47864480e-01
 -5.08782828e-01 -7.93556134e-01 1.98196553e-01
