0 -0 0
-0.000207782 -0.000427165 -3.94345e-06
-0.000571124 -0.00118278 -1.08495e-05
-0.00107588 -0.00223688 -2.00848e-05
-0.00171348 -0.00356744 -3.06728e-05
-0.00247585 -0.00515774 -4.2111e-05
-0.00336494 -0.00699894 -5.3073e-05
-0.00437522 -0.0090803 -6.28799e-05
-0.00550211 -0.0113922 -7.07226e-05
-0.00674701 -0.0139307 -7.55038e-05
-0.0081044 -0.016687 -7.64425e-05
-0.00957682 -0.0196595 -7.22858e-05
-0.0111566 -0.0228385 -6.24272e-05
-0.012844 -0.0262205 -4.55725e-05
-0.0146375 -0.029801 -2.08425e-05
-0.0165354 -0.0335763 1.30267e-05
-0.0185354 -0.037541 5.69748e-05
-0.0206356 -0.0416914 0.00011228
-0.0228354 -0.0460233 0.000179743
-0.0251326 -0.0505332 0.000261054
-0.0275254 -0.0552166 0.000357102
-0.0300108 -0.0600691 0.000469006
-0.032591 -0.0650877 0.000598221
-0.0352622 -0.0702684 0.000745865
-0.0380233 -0.0756083 0.000913236
-0.0408714 -0.0811017 0.00110141
-0.0438046 -0.0867453 0.00131127
-0.0468253 -0.0925365 0.00154498
-0.0499295 -0.098471 0.00180321
-0.0531169 -0.104544 0.00208729
-0.0563845 -0.110754 0.00239858
-0.0597328 -0.117095 0.00273829
-0.0631585 -0.123563 0.00310732
-0.0666622 -0.130156 0.00350732
-0.0702408 -0.136869 0.00393928
-0.0738946 -0.143697 0.00440442
-0.0776213 -0.150637 0.00490388
-0.0814198 -0.15769 0.00543901
-0.0852882 -0.16484 0.00601039
-0.0892264 -0.172089 0.00661956
-0.0932334 -0.179435 0.00726789
-0.0973056 -0.186876 0.00795559
-0.101444 -0.194402 0.00868477
-0.105647 -0.202017 0.00945568
-0.109912 -0.209705 0.0102693
-0.114238 -0.21747 0.0111265
-0.118626 -0.225302 0.0120286
-0.123072 -0.233205 0.0129762
-0.127575 -0.241156 0.0139696
-0.132136 -0.249187 0.0150111
-0.136752 -0.257251 0.0160991
-0.141422 -0.265369 0.0172361
-0.146144 -0.273537 0.0184228
-0.150919 -0.281744 0.0196592
-0.155742 -0.289981 0.0209444
-0.160614 -0.298251 0.0222811
-0.16554 -0.306545 0.0236699
-0.170507 -0.314875 0.0251095
-0.175512 -0.323214 0.0266
-0.18057 -0.331568 0.0281429
-0.185674 -0.339933 0.0297403
-0.190814 -0.348306 0.0313902
-0.195991 -0.356672 0.0330913
-0.20121 -0.365047 0.0348452
-0.206266 -0.373068 0.0365849
-0.211213 -0.380802 0.0383218
-0.216048 -0.388278 0.0400548
-0.220777 -0.395521 0.0417815
-0.225427 -0.40255 0.043506
-0.229989 -0.409379 0.0452303
-0.234464 -0.416021 0.0469478
-0.238855 -0.422486 0.0486588
-0.243173 -0.428767 0.0503645
-0.247408 -0.434897 0.052065
-0.251581 -0.440865 0.0537587
-0.255677 -0.446676 0.055445
-0.259689 -0.452339 0.0571178
-0.263641 -0.45786 0.0587825
-0.267525 -0.463243 0.0604399
-0.271348 -0.468502 0.0620872
-0.275105 -0.473626 0.0637225
-0.278786 -0.478628 0.0653447
-0.282408 -0.48351 0.0669547
-0.285979 -0.488281 0.0685559
-0.289482 -0.492935 0.0701397
-0.292928 -0.497481 0.0717137
-0.296317 -0.501927 0.0732753
-0.299646 -0.506267 0.0748217
-0.302925 -0.510503 0.0763569
-0.306148 -0.514652 0.077875
-0.309312 -0.518703 0.0793816
-0.312435 -0.522669 0.0808723
-0.3155 -0.526536 0.0823499
-0.318516 -0.530323 0.0838126
-0.321476 -0.534035 0.0852588
-0.324395 -0.537662 0.0866939
-0.327257 -0.541215 0.0881107
-0.330085 -0.544686 0.0895157
-0.332859 -0.548085 0.0909051
-0.335591 -0.551417 0.0922783
-0.338275 -0.554672 0.0936358
-0.340919 -0.557862 0.0949817
-0.343509 -0.560995 0.0963091
-0.346065 -0.564058 0.0976226
-0.348582 -0.567053 0.0989223
-0.351059 -0.569997 0.100209
-0.35349 -0.572876 0.101477
-0.355887 -0.575699 0.102732
-0.35824 -0.578465 0.103971
-0.360559 -0.581182 0.105197
-0.36284 -0.583841 0.106406
-0.365082 -0.586449 0.107602
-0.367285 -0.589002 0.10878
-0.369451 -0.591514 0.109946
-0.371585 -0.593975 0.111099
-0.373688 -0.596387 0.112237
-0.375752 -0.598757 0.113359
-0.377786 -0.601082 0.114468
-0.379783 -0.603361 0.115564
-0.381747 -0.605598 0.11664
-0.383683 -0.607797 0.117708
-0.38558 -0.609952 0.118758
-0.387449 -0.61207 0.119798
-0.389293 -0.614147 0.120825
-0.391107 -0.616185 0.121836
-0.392884 -0.618185 0.122831
-0.394632 -0.620155 0.123816
-0.396181 -0.62187 0.12469
-0.397562 -0.623356 0.125469
-0.39878 -0.624642 0.126155
-0.39985 -0.625742 0.126759
-0.400788 -0.626672 0.127284
-0.401581 -0.627438 0.127729
-0.402253 -0.628056 0.128105
-0.402795 -0.628524 0.128406
-0.403217 -0.628849 0.128637
-0.403516 -0.62904 0.128796
-0.403691 -0.629098 0.128889
-0.403751 -0.629026 0.128914
-0.403712 -0.628827 0.12888
-0.403544 -0.628507 0.128772
-0.403279 -0.628058 0.128609
-0.402894 -0.627501 0.128382
-0.402409 -0.626821 0.128093
-0.401818 -0.626028 0.127745
-0.401128 -0.625125 0.127344
-0.400332 -0.624108 0.126884
-0.399435 -0.622976 0.126365
-0.398445 -0.62174 0.125793
-0.397348 -0.620393 0.125164
-0.396162 -0.618934 0.124481
-0.394878 -0.617376 0.12375
-0.3935 -0.615709 0.122968
-0.392031 -0.613936 0.122134
-0.390464 -0.612057 0.121251
-0.388814 -0.610073 0.120318
-0.387061 -0.607987 0.119338
-0.385227 -0.605794 0.118313
-0.38331 -0.603492 0.117245
-0.381303 -0.601092 0.116131
-0.379206 -0.598586 0.114975
-0.377025 -0.595973 0.113774
-0.374761 -0.593249 0.112534
-0.37241 -0.590424 0.11125
-0.36997 -0.587496 0.109929
-0.36745 -0.584457 0.108568
-0.364852 -0.581309 0.107173
-0.362173 -0.578057 0.10574
-0.359409 -0.574693 0.10427
-0.356564 -0.571225 0.102766
-0.353639 -0.567641 0.101229
-0.35064 -0.563942 0.0996619
-0.347559 -0.560139 0.0980624
-0.34439 -0.556214 0.0964279
-0.341159 -0.552181 0.094772
-0.337844 -0.548026 0.0930814
-0.334448 -0.543758 0.0913683
-0.330981 -0.539372 0.0896277
-0.327437 -0.534866 0.0878627
-0.323823 -0.530237 0.0860782
-0.320124 -0.525491 0.0842674
-0.316354 -0.520623 0.0824365
-0.312512 -0.515624 0.0805862
-0.308598 -0.5105 0.0787179
-0.304612 -0.505257 0.0768358
-0.300553 -0.499878 0.0749355
-0.296414 -0.49437 0.0730201
-0.292208 -0.488732 0.0710918
-0.287928 -0.48296 0.0691525
-0.283589 -0.47705 0.0672059
