0 -0 0
-0.013289 -0.0273133 -9.29849e-05
-0.0367004 -0.0758574 0.000543459
-0.069553 -0.143542 0.00320201
-0.11137 -0.227553 0.00955868
-0.161556 -0.323826 0.0213949
-0.21982 -0.426967 0.0404868
-0.285088 -0.530584 0.0679271
-0.355973 -0.6287 0.103908
-0.431189 -0.71714 0.147864
-0.508783 -0.793556 0.198197
-0.587122 -0.857551 0.25304
-0.664215 -0.909906 0.310124
-0.73867 -0.952056 0.367562
-0.809301 -0.985636 0.423694
-0.87534 -1.01222 0.477352
-0.936321 -1.0332 0.527716
-0.992104 -1.04973 0.57434
-1.04274 -1.06275 0.61702
-1.0886 -1.07303 0.655958
-1.12994 -1.08114 0.691231
-1.16711 -1.08758 0.723046
-1.20057 -1.09266 0.751757
-1.23066 -1.09669 0.777607
-1.25776 -1.09988 0.800912
-1.28216 -1.10241 0.821914
-1.3042 -1.10441 0.840869
-1.32412 -1.10596 0.858001
-1.34216 -1.10718 0.873509
-1.35854 -1.1081 0.887559
-1.37343 -1.10881 0.900334
-1.387 -1.10932 0.911954
-1.39939 -1.10968 0.922544
-1.41073 -1.10991 0.932213
-1.42112 -1.11004 0.941068
-1.43067 -1.11008 0.949178
-1.43945 -1.11006 0.956628
-1.44755 -1.10998 0.963484
-1.45502 -1.10985 0.969778
-1.46194 -1.10967 0.975595
-1.46835 -1.10946 0.980977
-1.47429 -1.10924 0.985944
-1.47981 -1.10897 0.990567
-1.48495 -1.10872 0.994848
-1.48974 -1.10843 0.998819
-1.4942 -1.10815 1.00251
-1.49838 -1.10783 1.00595
-1.50228 -1.10753 1.00917
-1.50594 -1.1072 1.01215
-1.50937 -1.1069 1.01497
-1.51258 -1.10657 1.01756
-1.51561 -1.10625 1.02001
-1.51845 -1.10593 1.02232
-1.52113 -1.10561 1.02448
-1.52365 -1.1053 1.02648
-1.52603 -1.10498 1.02838
-1.52828 -1.10464 1.03016
-1.53042 -1.10435 1.03186
-1.53243 -1.10406 1.03346
-1.53433 -1.10376 1.03493
-1.53613 -1.10344 1.03633
-1.53783 -1.10314 1.03768
-1.53945 -1.10284 1.03894
-1.54098 -1.10256 1.04012
-1.54215 -1.10223 1.04098
-1.54308 -1.10184 1.04159
-1.54384 -1.10142 1.04207
-1.54445 -1.10101 1.04241
-1.545 -1.10057 1.04265
-1.54544 -1.1001 1.04283
-1.54584 -1.09966 1.04296
-1.5462 -1.09924 1.04306
-1.5465 -1.0988 1.04308
-1.54677 -1.09837 1.04313
-1.54703 -1.09793 1.04313
-1.54724 -1.0975 1.0431
-1.54745 -1.0971 1.04308
-1.54764 -1.0967 1.04304
-1.54779 -1.09629 1.04298
-1.54795 -1.09591 1.04291
-1.5481 -1.09552 1.04284
-1.54821 -1.09516 1.04276
-1.54833 -1.09481 1.04268
-1.54845 -1.09445 1.0426
-1.54854 -1.09412 1.04249
-1.54863 -1.09379 1.0424
-1.54872 -1.09347 1.04232
-1.54879 -1.09316 1.04222
-1.54886 -1.09284 1.04212
-1.54893 -1.09255 1.04202
-1.54898 -1.09226 1.04193
-1.54905 -1.09199 1.04182
-1.5491 -1.0917 1.04172
-1.54914 -1.09144 1.04161
-1.54918 -1.0912 1.04152
-1.54922 -1.09095 1.04142
-1.54925 -1.09073 1.04133
-1.54928 -1.09049 1.04122
-1.54931 -1.09026 1.04113
-1.54933 -1.09006 1.04103
-1.54935 -1.08985 1.04092
-1.54937 -1.08964 1.04083
-1.54938 -1.08947 1.04076
-1.54939 -1.08929 1.04066
-1.5494 -1.0891 1.04057
-1.54941 -1.08894 1.04048
-1.54941 -1.08878 1.0404
-1.54941 -1.08862 1.04031
-1.54942 -1.08847 1.04023
-1.54941 -1.08834 1.04014
-1.54941 -1.08821 1.04005
-1.5494 -1.08808 1.03997
-1.5494 -1.08796 1.03989
-1.54939 -1.08785 1.03982
-1.54938 -1.08774 1.03975
-1.54937 -1.08763 1.03968
-1.54935 -1.08754 1.03961
-1.54934 -1.08745 1.03953
-1.54932 -1.08736 1.03947
-1.5493 -1.08729 1.03939
-1.54928 -1.08722 1.03934
-1.54926 -1.08716 1.03927
-1.54924 -1.0871 1.03922
-1.54922 -1.08703 1.03916
-1.54919 -1.08698 1.03909
-1.54917 -1.08693 1.03903
-1.54914 -1.08689 1.03898
-1.54898 -1.08683 1.03881
-1.54873 -1.08672 1.03854
-1.54841 -1.08661 1.03821
-1.54804 -1.08647 1.03783
-1.54764 -1.08633 1.03739
-1.54721 -1.08618 1.03694
-1.54675 -1.08602 1.03647
-1.54628 -1.08585 1.03597
-1.54579 -1.08568 1.03546
-1.54528 -1.08552 1.03492
-1.54477 -1.08535 1.0344
-1.54424 -1.08519 1.03385
-1.5437 -1.08501 1.03329
-1.54315 -1.08486 1.03272
-1.54259 -1.08469 1.03214
-1.54203 -1.08453 1.03157
-1.54145 -1.08437 1.03098
-1.54086 -1.08422 1.03038
-1.54026 -1.08406 1.02979
-1.53966 -1.08391 1.02919
-1.53904 -1.08376 1.02858
-1.53842 -1.08361 1.02795
-1.53778 -1.08348 1.02733
-1.53713 -1.08334 1.02667
-1.53647 -1.08321 1.02603
-1.5358 -1.08308 1.02539
-1.53511 -1.08295 1.02471
-1.53442 -1.08283 1.02405
-1.53372 -1.08272 1.02336
-1.53299 -1.08262 1.02268
-1.53225 -1.08252 1.02198
-1.5315 -1.0824 1.02127
-1.53073 -1.08231 1.02054
-1.52995 -1.08222 1.01982
-1.52915 -1.08214 1.01907
-1.52834 -1.08204 1.01831
-1.5275 -1.08197 1.01752
-1.52664 -1.08191 1.01675
-1.52577 -1.08184 1.01595
-1.52487 -1.08177 1.01513
-1.52395 -1.08172 1.0143
-1.52301 -1.08167 1.01344
-1.52204 -1.08164 1.01258
-1.52105 -1.0816 1.01169
-1.52004 -1.08156 1.01078
-1.51899 -1.08153 1.00986
-1.51792 -1.08152 1.00891
-1.51682 -1.0815 1.00794
-1.51568 -1.0815 1.00692
-1.51451 -1.08149 1.00591
-1.51331 -1.0815 1.00486
-1.51206 -1.08152 1.00377
-1.51078 -1.08152 1.00266
-1.50946 -1.08155 1.00153
-1.5081 -1.08159 1.00035
-1.50668 -1.08162 0.999132
-1.50523 -1.08167 0.997877
-1.50372 -1.08171 0.996595
-1.50215 -1.08177 0.995256
-1.50053 -1.08184 0.993888
-1.49885 -1.08192 0.992455
-1.4971 -1.08201 0.990979
-1.49529 -1.08208 0.989437
